kernel,runtime,gpu,collapse,mem_to,mem_alloc,mem_from,mem_delete,num_var,N1
nn_kernel_cpu,69053,0,1,0,0,0,0,1,10000000
nn_kernel_gpu,302,1,1,0,0,0,0,1,10000000
nn_kernel_gpu_mem,20153,1,1,80000000,40000000,40000000,80000000,1,10000000
nn_kernel_cpu,67821,0,1,0,0,0,0,1,1000000
nn_kernel_gpu,152,1,1,0,0,0,0,1,1000000
nn_kernel_gpu_mem,3081,1,1,8000000,4000000,4000000,8000000,1,1000000
nn_kernel_cpu,66432,0,1,0,0,0,0,1,100000
nn_kernel_gpu,71,1,1,0,0,0,0,1,100000
nn_kernel_gpu_mem,829,1,1,800000,400000,400000,800000,1,100000
nn_kernel_cpu,67534,0,1,0,0,0,0,1,10000
nn_kernel_gpu,77,1,1,0,0,0,0,1,10000
nn_kernel_gpu_mem,745,1,1,80000,40000,40000,80000,1,10000
nn_kernel_cpu,67792,0,1,0,0,0,0,1,10010000
nn_kernel_gpu,301,1,1,0,0,0,0,1,10010000
nn_kernel_gpu_mem,20133,1,1,80080000,40040000,40040000,80080000,1,10010000
nn_kernel_cpu,72035,0,1,0,0,0,0,1,10020000
nn_kernel_gpu,305,1,1,0,0,0,0,1,10020000
nn_kernel_gpu_mem,20253,1,1,80160000,40080000,40080000,80160000,1,10020000
nn_kernel_cpu,68144,0,1,0,0,0,0,1,10030000
nn_kernel_gpu,302,1,1,0,0,0,0,1,10030000
nn_kernel_gpu_mem,20258,1,1,80240000,40120000,40120000,80240000,1,10030000
nn_kernel_cpu,67905,0,1,0,0,0,0,1,10040000
nn_kernel_gpu,302,1,1,0,0,0,0,1,10040000
nn_kernel_gpu_mem,20254,1,1,80320000,40160000,40160000,80320000,1,10040000
nn_kernel_cpu,68024,0,1,0,0,0,0,1,10050000
nn_kernel_gpu,303,1,1,0,0,0,0,1,10050000
nn_kernel_gpu_mem,20274,1,1,80400000,40200000,40200000,80400000,1,10050000
nn_kernel_cpu,68010,0,1,0,0,0,0,1,10060000
nn_kernel_gpu,301,1,1,0,0,0,0,1,10060000
nn_kernel_gpu_mem,20424,1,1,80480000,40240000,40240000,80480000,1,10060000
nn_kernel_cpu,67701,0,1,0,0,0,0,1,10070000
nn_kernel_gpu,300,1,1,0,0,0,0,1,10070000
nn_kernel_gpu_mem,20323,1,1,80560000,40280000,40280000,80560000,1,10070000
nn_kernel_cpu,68217,0,1,0,0,0,0,1,10080000
nn_kernel_gpu,306,1,1,0,0,0,0,1,10080000
nn_kernel_gpu_mem,20403,1,1,80640000,40320000,40320000,80640000,1,10080000
nn_kernel_cpu,67295,0,1,0,0,0,0,1,10090000
nn_kernel_gpu,304,1,1,0,0,0,0,1,10090000
nn_kernel_gpu_mem,20375,1,1,80720000,40360000,40360000,80720000,1,10090000
nn_kernel_cpu,68772,0,1,0,0,0,0,1,10100000
nn_kernel_gpu,305,1,1,0,0,0,0,1,10100000
nn_kernel_gpu_mem,20402,1,1,80800000,40400000,40400000,80800000,1,10100000
nn_kernel_cpu,68842,0,1,0,0,0,0,1,1010000
nn_kernel_gpu,155,1,1,0,0,0,0,1,1010000
nn_kernel_gpu_mem,3077,1,1,8080000,4040000,4040000,8080000,1,1010000
nn_kernel_cpu,67946,0,1,0,0,0,0,1,10110000
nn_kernel_gpu,303,1,1,0,0,0,0,1,10110000
nn_kernel_gpu_mem,20521,1,1,80880000,40440000,40440000,80880000,1,10110000
nn_kernel_cpu,67201,0,1,0,0,0,0,1,10120000
nn_kernel_gpu,303,1,1,0,0,0,0,1,10120000
nn_kernel_gpu_mem,20467,1,1,80960000,40480000,40480000,80960000,1,10120000
nn_kernel_cpu,67709,0,1,0,0,0,0,1,10130000
nn_kernel_gpu,304,1,1,0,0,0,0,1,10130000
nn_kernel_gpu_mem,20481,1,1,81040000,40520000,40520000,81040000,1,10130000
nn_kernel_cpu,67758,0,1,0,0,0,0,1,10140000
nn_kernel_gpu,299,1,1,0,0,0,0,1,10140000
nn_kernel_gpu_mem,20562,1,1,81120000,40560000,40560000,81120000,1,10140000
nn_kernel_cpu,67978,0,1,0,0,0,0,1,10150000
nn_kernel_gpu,305,1,1,0,0,0,0,1,10150000
nn_kernel_gpu_mem,20454,1,1,81200000,40600000,40600000,81200000,1,10150000
nn_kernel_cpu,68073,0,1,0,0,0,0,1,10160000
nn_kernel_gpu,309,1,1,0,0,0,0,1,10160000
nn_kernel_gpu_mem,20583,1,1,81280000,40640000,40640000,81280000,1,10160000
nn_kernel_cpu,68127,0,1,0,0,0,0,1,10170000
nn_kernel_gpu,305,1,1,0,0,0,0,1,10170000
nn_kernel_gpu_mem,20568,1,1,81360000,40680000,40680000,81360000,1,10170000
nn_kernel_cpu,68357,0,1,0,0,0,0,1,10180000
nn_kernel_gpu,305,1,1,0,0,0,0,1,10180000
nn_kernel_gpu_mem,20608,1,1,81440000,40720000,40720000,81440000,1,10180000
nn_kernel_cpu,68368,0,1,0,0,0,0,1,10190000
nn_kernel_gpu,299,1,1,0,0,0,0,1,10190000
nn_kernel_gpu_mem,20673,1,1,81520000,40760000,40760000,81520000,1,10190000
nn_kernel_cpu,46219,0,1,0,0,0,0,1,10200000
nn_kernel_gpu,301,1,1,0,0,0,0,1,10200000
nn_kernel_gpu_mem,20586,1,1,81600000,40800000,40800000,81600000,1,10200000
nn_kernel_cpu,67976,0,1,0,0,0,0,1,1020000
nn_kernel_gpu,149,1,1,0,0,0,0,1,1020000
nn_kernel_gpu_mem,3036,1,1,8160000,4080000,4080000,8160000,1,1020000
nn_kernel_cpu,67271,0,1,0,0,0,0,1,10210000
nn_kernel_gpu,302,1,1,0,0,0,0,1,10210000
nn_kernel_gpu_mem,20725,1,1,81680000,40840000,40840000,81680000,1,10210000
nn_kernel_cpu,67491,0,1,0,0,0,0,1,10220000
nn_kernel_gpu,307,1,1,0,0,0,0,1,10220000
nn_kernel_gpu_mem,20878,1,1,81760000,40880000,40880000,81760000,1,10220000
nn_kernel_cpu,68725,0,1,0,0,0,0,1,10230000
nn_kernel_gpu,304,1,1,0,0,0,0,1,10230000
nn_kernel_gpu_mem,20754,1,1,81840000,40920000,40920000,81840000,1,10230000
nn_kernel_cpu,68528,0,1,0,0,0,0,1,10240000
nn_kernel_gpu,318,1,1,0,0,0,0,1,10240000
nn_kernel_gpu_mem,20798,1,1,81920000,40960000,40960000,81920000,1,10240000
nn_kernel_cpu,68241,0,1,0,0,0,0,1,10250000
nn_kernel_gpu,308,1,1,0,0,0,0,1,10250000
nn_kernel_gpu_mem,20733,1,1,82000000,41000000,41000000,82000000,1,10250000
nn_kernel_cpu,67579,0,1,0,0,0,0,1,10260000
nn_kernel_gpu,302,1,1,0,0,0,0,1,10260000
nn_kernel_gpu_mem,20846,1,1,82080000,41040000,41040000,82080000,1,10260000
nn_kernel_cpu,67252,0,1,0,0,0,0,1,10270000
nn_kernel_gpu,305,1,1,0,0,0,0,1,10270000
nn_kernel_gpu_mem,20867,1,1,82160000,41080000,41080000,82160000,1,10270000
nn_kernel_cpu,67854,0,1,0,0,0,0,1,10280000
nn_kernel_gpu,308,1,1,0,0,0,0,1,10280000
nn_kernel_gpu_mem,19539,1,1,82240000,41120000,41120000,82240000,1,10280000
nn_kernel_cpu,68040,0,1,0,0,0,0,1,10290000
nn_kernel_gpu,307,1,1,0,0,0,0,1,10290000
nn_kernel_gpu_mem,20831,1,1,82320000,41160000,41160000,82320000,1,10290000
nn_kernel_cpu,67289,0,1,0,0,0,0,1,10300000
nn_kernel_gpu,307,1,1,0,0,0,0,1,10300000
nn_kernel_gpu_mem,20833,1,1,82400000,41200000,41200000,82400000,1,10300000
nn_kernel_cpu,67553,0,1,0,0,0,0,1,1030000
nn_kernel_gpu,152,1,1,0,0,0,0,1,1030000
nn_kernel_gpu_mem,3127,1,1,8240000,4120000,4120000,8240000,1,1030000
nn_kernel_cpu,69466,0,1,0,0,0,0,1,10310000
nn_kernel_gpu,309,1,1,0,0,0,0,1,10310000
nn_kernel_gpu_mem,20922,1,1,82480000,41240000,41240000,82480000,1,10310000
nn_kernel_cpu,68784,0,1,0,0,0,0,1,10320000
nn_kernel_gpu,307,1,1,0,0,0,0,1,10320000
nn_kernel_gpu_mem,20934,1,1,82560000,41280000,41280000,82560000,1,10320000
nn_kernel_cpu,67910,0,1,0,0,0,0,1,10330000
nn_kernel_gpu,294,1,1,0,0,0,0,1,10330000
nn_kernel_gpu_mem,20905,1,1,82640000,41320000,41320000,82640000,1,10330000
nn_kernel_cpu,67588,0,1,0,0,0,0,1,10340000
nn_kernel_gpu,305,1,1,0,0,0,0,1,10340000
nn_kernel_gpu_mem,20969,1,1,82720000,41360000,41360000,82720000,1,10340000
nn_kernel_cpu,48139,0,1,0,0,0,0,1,10350000
nn_kernel_gpu,307,1,1,0,0,0,0,1,10350000
nn_kernel_gpu_mem,20911,1,1,82800000,41400000,41400000,82800000,1,10350000
nn_kernel_cpu,66940,0,1,0,0,0,0,1,10360000
nn_kernel_gpu,309,1,1,0,0,0,0,1,10360000
nn_kernel_gpu_mem,21014,1,1,82880000,41440000,41440000,82880000,1,10360000
nn_kernel_cpu,67380,0,1,0,0,0,0,1,10370000
nn_kernel_gpu,307,1,1,0,0,0,0,1,10370000
nn_kernel_gpu_mem,20986,1,1,82960000,41480000,41480000,82960000,1,10370000
nn_kernel_cpu,67920,0,1,0,0,0,0,1,10380000
nn_kernel_gpu,304,1,1,0,0,0,0,1,10380000
nn_kernel_gpu_mem,21082,1,1,83040000,41520000,41520000,83040000,1,10380000
nn_kernel_cpu,67753,0,1,0,0,0,0,1,10390000
nn_kernel_gpu,305,1,1,0,0,0,0,1,10390000
nn_kernel_gpu_mem,21102,1,1,83120000,41560000,41560000,83120000,1,10390000
nn_kernel_cpu,67706,0,1,0,0,0,0,1,10400000
nn_kernel_gpu,306,1,1,0,0,0,0,1,10400000
nn_kernel_gpu_mem,21158,1,1,83200000,41600000,41600000,83200000,1,10400000
nn_kernel_cpu,41470,0,1,0,0,0,0,1,1040000
nn_kernel_gpu,148,1,1,0,0,0,0,1,1040000
nn_kernel_gpu_mem,3034,1,1,8320000,4160000,4160000,8320000,1,1040000
nn_kernel_cpu,69857,0,1,0,0,0,0,1,10410000
nn_kernel_gpu,312,1,1,0,0,0,0,1,10410000
nn_kernel_gpu_mem,21097,1,1,83280000,41640000,41640000,83280000,1,10410000
nn_kernel_cpu,68472,0,1,0,0,0,0,1,10420000
nn_kernel_gpu,306,1,1,0,0,0,0,1,10420000
nn_kernel_gpu_mem,21196,1,1,83360000,41680000,41680000,83360000,1,10420000
nn_kernel_cpu,67485,0,1,0,0,0,0,1,10430000
nn_kernel_gpu,309,1,1,0,0,0,0,1,10430000
nn_kernel_gpu_mem,21198,1,1,83440000,41720000,41720000,83440000,1,10430000
nn_kernel_cpu,67014,0,1,0,0,0,0,1,10440000
nn_kernel_gpu,307,1,1,0,0,0,0,1,10440000
nn_kernel_gpu_mem,21202,1,1,83520000,41760000,41760000,83520000,1,10440000
nn_kernel_cpu,68183,0,1,0,0,0,0,1,10450000
nn_kernel_gpu,305,1,1,0,0,0,0,1,10450000
nn_kernel_gpu_mem,21154,1,1,83600000,41800000,41800000,83600000,1,10450000
nn_kernel_cpu,67763,0,1,0,0,0,0,1,10460000
nn_kernel_gpu,311,1,1,0,0,0,0,1,10460000
nn_kernel_gpu_mem,21281,1,1,83680000,41840000,41840000,83680000,1,10460000
nn_kernel_cpu,67737,0,1,0,0,0,0,1,10470000
nn_kernel_gpu,309,1,1,0,0,0,0,1,10470000
nn_kernel_gpu_mem,21276,1,1,83760000,41880000,41880000,83760000,1,10470000
nn_kernel_cpu,70286,0,1,0,0,0,0,1,10480000
nn_kernel_gpu,306,1,1,0,0,0,0,1,10480000
nn_kernel_gpu_mem,21391,1,1,83840000,41920000,41920000,83840000,1,10480000
nn_kernel_cpu,69087,0,1,0,0,0,0,1,10490000
nn_kernel_gpu,309,1,1,0,0,0,0,1,10490000
nn_kernel_gpu_mem,21405,1,1,83920000,41960000,41960000,83920000,1,10490000
nn_kernel_cpu,67852,0,1,0,0,0,0,1,10500000
nn_kernel_gpu,311,1,1,0,0,0,0,1,10500000
nn_kernel_gpu_mem,21525,1,1,84000000,42000000,42000000,84000000,1,10500000
nn_kernel_cpu,66501,0,1,0,0,0,0,1,1050000
nn_kernel_gpu,149,1,1,0,0,0,0,1,1050000
nn_kernel_gpu_mem,3293,1,1,8400000,4200000,4200000,8400000,1,1050000
nn_kernel_cpu,67814,0,1,0,0,0,0,1,10510000
nn_kernel_gpu,304,1,1,0,0,0,0,1,10510000
nn_kernel_gpu_mem,21424,1,1,84080000,42040000,42040000,84080000,1,10510000
nn_kernel_cpu,68025,0,1,0,0,0,0,1,10520000
nn_kernel_gpu,308,1,1,0,0,0,0,1,10520000
nn_kernel_gpu_mem,21728,1,1,84160000,42080000,42080000,84160000,1,10520000
nn_kernel_cpu,72471,0,1,0,0,0,0,1,10530000
nn_kernel_gpu,307,1,1,0,0,0,0,1,10530000
nn_kernel_gpu_mem,21642,1,1,84240000,42120000,42120000,84240000,1,10530000
nn_kernel_cpu,67471,0,1,0,0,0,0,1,10540000
nn_kernel_gpu,309,1,1,0,0,0,0,1,10540000
nn_kernel_gpu_mem,21679,1,1,84320000,42160000,42160000,84320000,1,10540000
nn_kernel_cpu,41607,0,1,0,0,0,0,1,10550000
nn_kernel_gpu,308,1,1,0,0,0,0,1,10550000
nn_kernel_gpu_mem,21575,1,1,84400000,42200000,42200000,84400000,1,10550000
nn_kernel_cpu,43035,0,1,0,0,0,0,1,10560000
nn_kernel_gpu,313,1,1,0,0,0,0,1,10560000
nn_kernel_gpu_mem,21514,1,1,84480000,42240000,42240000,84480000,1,10560000
nn_kernel_cpu,68133,0,1,0,0,0,0,1,10570000
nn_kernel_gpu,307,1,1,0,0,0,0,1,10570000
nn_kernel_gpu_mem,20431,1,1,84560000,42280000,42280000,84560000,1,10570000
nn_kernel_cpu,67676,0,1,0,0,0,0,1,10580000
nn_kernel_gpu,308,1,1,0,0,0,0,1,10580000
nn_kernel_gpu_mem,21698,1,1,84640000,42320000,42320000,84640000,1,10580000
nn_kernel_cpu,67378,0,1,0,0,0,0,1,10590000
nn_kernel_gpu,312,1,1,0,0,0,0,1,10590000
nn_kernel_gpu_mem,21698,1,1,84720000,42360000,42360000,84720000,1,10590000
nn_kernel_cpu,67549,0,1,0,0,0,0,1,10600000
nn_kernel_gpu,311,1,1,0,0,0,0,1,10600000
nn_kernel_gpu_mem,21730,1,1,84800000,42400000,42400000,84800000,1,10600000
nn_kernel_cpu,66832,0,1,0,0,0,0,1,1060000
nn_kernel_gpu,150,1,1,0,0,0,0,1,1060000
nn_kernel_gpu_mem,3953,1,1,8480000,4240000,4240000,8480000,1,1060000
nn_kernel_cpu,61717,0,1,0,0,0,0,1,10610000
nn_kernel_gpu,313,1,1,0,0,0,0,1,10610000
nn_kernel_gpu_mem,21756,1,1,84880000,42440000,42440000,84880000,1,10610000
nn_kernel_cpu,67861,0,1,0,0,0,0,1,10620000
nn_kernel_gpu,308,1,1,0,0,0,0,1,10620000
nn_kernel_gpu_mem,47788,1,1,84960000,42480000,42480000,84960000,1,10620000
nn_kernel_cpu,68223,0,1,0,0,0,0,1,10630000
nn_kernel_gpu,313,1,1,0,0,0,0,1,10630000
nn_kernel_gpu_mem,21912,1,1,85040000,42520000,42520000,85040000,1,10630000
nn_kernel_cpu,68254,0,1,0,0,0,0,1,10640000
nn_kernel_gpu,311,1,1,0,0,0,0,1,10640000
nn_kernel_gpu_mem,21965,1,1,85120000,42560000,42560000,85120000,1,10640000
nn_kernel_cpu,67790,0,1,0,0,0,0,1,10650000
nn_kernel_gpu,304,1,1,0,0,0,0,1,10650000
nn_kernel_gpu_mem,23594,1,1,85200000,42600000,42600000,85200000,1,10650000
nn_kernel_cpu,67827,0,1,0,0,0,0,1,10660000
nn_kernel_gpu,310,1,1,0,0,0,0,1,10660000
nn_kernel_gpu_mem,21964,1,1,85280000,42640000,42640000,85280000,1,10660000
nn_kernel_cpu,70917,0,1,0,0,0,0,1,10670000
nn_kernel_gpu,280,1,1,0,0,0,0,1,10670000
nn_kernel_gpu_mem,21910,1,1,85360000,42680000,42680000,85360000,1,10670000
nn_kernel_cpu,68376,0,1,0,0,0,0,1,10680000
nn_kernel_gpu,293,1,1,0,0,0,0,1,10680000
nn_kernel_gpu_mem,21778,1,1,85440000,42720000,42720000,85440000,1,10680000
nn_kernel_cpu,67123,0,1,0,0,0,0,1,1070000
nn_kernel_gpu,137,1,1,0,0,0,0,1,1070000
nn_kernel_gpu_mem,3209,1,1,8560000,4280000,4280000,8560000,1,1070000
nn_kernel_cpu,67917,0,1,0,0,0,0,1,10690000
nn_kernel_gpu,313,1,1,0,0,0,0,1,10690000
nn_kernel_gpu_mem,22008,1,1,85520000,42760000,42760000,85520000,1,10690000
nn_kernel_cpu,75150,0,1,0,0,0,0,1,10700000
nn_kernel_gpu,274,1,1,0,0,0,0,1,10700000
nn_kernel_gpu_mem,21665,1,1,85600000,42800000,42800000,85600000,1,10700000
nn_kernel_cpu,67786,0,1,0,0,0,0,1,10710000
nn_kernel_gpu,292,1,1,0,0,0,0,1,10710000
nn_kernel_gpu_mem,21518,1,1,85680000,42840000,42840000,85680000,1,10710000
nn_kernel_cpu,68107,0,1,0,0,0,0,1,10720000
nn_kernel_gpu,316,1,1,0,0,0,0,1,10720000
nn_kernel_gpu_mem,22063,1,1,85760000,42880000,42880000,85760000,1,10720000
nn_kernel_cpu,67946,0,1,0,0,0,0,1,10730000
nn_kernel_gpu,280,1,1,0,0,0,0,1,10730000
nn_kernel_gpu_mem,22019,1,1,85840000,42920000,42920000,85840000,1,10730000
nn_kernel_cpu,67730,0,1,0,0,0,0,1,10740000
nn_kernel_gpu,300,1,1,0,0,0,0,1,10740000
nn_kernel_gpu_mem,21969,1,1,85920000,42960000,42960000,85920000,1,10740000
nn_kernel_cpu,68058,0,1,0,0,0,0,1,10750000
nn_kernel_gpu,309,1,1,0,0,0,0,1,10750000
nn_kernel_gpu_mem,22230,1,1,86000000,43000000,43000000,86000000,1,10750000
nn_kernel_cpu,67679,0,1,0,0,0,0,1,10760000
nn_kernel_gpu,278,1,1,0,0,0,0,1,10760000
nn_kernel_gpu_mem,22169,1,1,86080000,43040000,43040000,86080000,1,10760000
nn_kernel_cpu,67744,0,1,0,0,0,0,1,10770000
nn_kernel_gpu,299,1,1,0,0,0,0,1,10770000
nn_kernel_gpu_mem,22144,1,1,86160000,43080000,43080000,86160000,1,10770000
nn_kernel_cpu,71134,0,1,0,0,0,0,1,1080000
nn_kernel_gpu,140,1,1,0,0,0,0,1,1080000
nn_kernel_gpu_mem,3307,1,1,8640000,4320000,4320000,8640000,1,1080000
nn_kernel_cpu,67877,0,1,0,0,0,0,1,10780000
nn_kernel_gpu,315,1,1,0,0,0,0,1,10780000
nn_kernel_gpu_mem,21858,1,1,86240000,43120000,43120000,86240000,1,10780000
nn_kernel_cpu,67978,0,1,0,0,0,0,1,10790000
nn_kernel_gpu,336,1,1,0,0,0,0,1,10790000
nn_kernel_gpu_mem,21606,1,1,86320000,43160000,43160000,86320000,1,10790000
nn_kernel_cpu,67721,0,1,0,0,0,0,1,10800000
nn_kernel_gpu,284,1,1,0,0,0,0,1,10800000
nn_kernel_gpu_mem,23277,1,1,86400000,43200000,43200000,86400000,1,10800000
nn_kernel_cpu,68337,0,1,0,0,0,0,1,10800000
nn_kernel_gpu,310,1,1,0,0,0,0,1,10800000
nn_kernel_gpu_mem,20326,1,1,86400000,43200000,43200000,86400000,1,10800000
nn_kernel_cpu,68337,0,1,0,0,0,0,1,10800000
nn_kernel_gpu,310,1,1,0,0,0,0,1,10800000
nn_kernel_gpu_mem,20326,1,1,86400000,43200000,43200000,86400000,1,10800000
nn_kernel_cpu,68040,0,1,0,0,0,0,1,10810000
nn_kernel_gpu,307,1,1,0,0,0,0,1,10810000
nn_kernel_gpu_mem,22289,1,1,86480000,43240000,43240000,86480000,1,10810000
nn_kernel_cpu,66752,0,1,0,0,0,0,1,10820000
nn_kernel_gpu,321,1,1,0,0,0,0,1,10820000
nn_kernel_gpu_mem,22225,1,1,86560000,43280000,43280000,86560000,1,10820000
nn_kernel_cpu,68141,0,1,0,0,0,0,1,10830000
nn_kernel_gpu,308,1,1,0,0,0,0,1,10830000
nn_kernel_gpu_mem,21622,1,1,86640000,43320000,43320000,86640000,1,10830000
nn_kernel_cpu,68044,0,1,0,0,0,0,1,10840000
nn_kernel_gpu,289,1,1,0,0,0,0,1,10840000
nn_kernel_gpu_mem,22295,1,1,86720000,43360000,43360000,86720000,1,10840000
nn_kernel_cpu,67352,0,1,0,0,0,0,1,10850000
nn_kernel_gpu,304,1,1,0,0,0,0,1,10850000
nn_kernel_gpu_mem,22271,1,1,86800000,43400000,43400000,86800000,1,10850000
nn_kernel_cpu,67352,0,1,0,0,0,0,1,10850000
nn_kernel_gpu,304,1,1,0,0,0,0,1,10850000
nn_kernel_gpu_mem,22271,1,1,86800000,43400000,43400000,86800000,1,10850000
nn_kernel_cpu,67992,0,1,0,0,0,0,1,10860000
nn_kernel_gpu,306,1,1,0,0,0,0,1,10860000
nn_kernel_gpu_mem,22381,1,1,86880000,43440000,43440000,86880000,1,10860000
nn_kernel_cpu,66549,0,1,0,0,0,0,1,1090000
nn_kernel_gpu,137,1,1,0,0,0,0,1,1090000
nn_kernel_gpu_mem,3215,1,1,8720000,4360000,4360000,8720000,1,1090000
nn_kernel_cpu,67333,0,1,0,0,0,0,1,10870000
nn_kernel_gpu,322,1,1,0,0,0,0,1,10870000
nn_kernel_gpu_mem,22314,1,1,86960000,43480000,43480000,86960000,1,10870000
nn_kernel_cpu,68286,0,1,0,0,0,0,1,10880000
nn_kernel_gpu,433,1,1,0,0,0,0,1,10880000
nn_kernel_gpu_mem,21601,1,1,87040000,43520000,43520000,87040000,1,10880000
nn_kernel_cpu,67774,0,1,0,0,0,0,1,10890000
nn_kernel_gpu,282,1,1,0,0,0,0,1,10890000
nn_kernel_gpu_mem,22385,1,1,87120000,43560000,43560000,87120000,1,10890000
nn_kernel_cpu,75853,0,1,0,0,0,0,1,10900000
nn_kernel_gpu,296,1,1,0,0,0,0,1,10900000
nn_kernel_gpu_mem,22323,1,1,87200000,43600000,43600000,87200000,1,10900000
nn_kernel_cpu,75853,0,1,0,0,0,0,1,10900000
nn_kernel_gpu,296,1,1,0,0,0,0,1,10900000
nn_kernel_gpu_mem,22323,1,1,87200000,43600000,43600000,87200000,1,10900000
nn_kernel_cpu,68517,0,1,0,0,0,0,1,10910000
nn_kernel_gpu,324,1,1,0,0,0,0,1,10910000
nn_kernel_gpu_mem,21960,1,1,87280000,43640000,43640000,87280000,1,10910000
nn_kernel_cpu,68517,0,1,0,0,0,0,1,10910000
nn_kernel_gpu,324,1,1,0,0,0,0,1,10910000
nn_kernel_gpu_mem,21960,1,1,87280000,43640000,43640000,87280000,1,10910000
nn_kernel_cpu,67830,0,1,0,0,0,0,1,10920000
nn_kernel_gpu,308,1,1,0,0,0,0,1,10920000
nn_kernel_gpu_mem,21689,1,1,87360000,43680000,43680000,87360000,1,10920000
nn_kernel_cpu,67579,0,1,0,0,0,0,1,10930000
nn_kernel_gpu,284,1,1,0,0,0,0,1,10930000
nn_kernel_gpu_mem,22013,1,1,87440000,43720000,43720000,87440000,1,10930000
nn_kernel_cpu,68212,0,1,0,0,0,0,1,10940000
nn_kernel_gpu,296,1,1,0,0,0,0,1,10940000
nn_kernel_gpu_mem,22346,1,1,87520000,43760000,43760000,87520000,1,10940000
nn_kernel_cpu,68212,0,1,0,0,0,0,1,10940000
nn_kernel_gpu,296,1,1,0,0,0,0,1,10940000
nn_kernel_gpu_mem,22346,1,1,87520000,43760000,43760000,87520000,1,10940000
nn_kernel_cpu,68321,0,1,0,0,0,0,1,10950000
nn_kernel_gpu,328,1,1,0,0,0,0,1,10950000
nn_kernel_gpu_mem,22125,1,1,87600000,43800000,43800000,87600000,1,10950000
nn_kernel_cpu,68321,0,1,0,0,0,0,1,10950000
nn_kernel_gpu,328,1,1,0,0,0,0,1,10950000
nn_kernel_gpu_mem,22125,1,1,87600000,43800000,43800000,87600000,1,10950000
nn_kernel_cpu,68147,0,1,0,0,0,0,1,10960000
nn_kernel_gpu,303,1,1,0,0,0,0,1,10960000
nn_kernel_gpu_mem,21834,1,1,87680000,43840000,43840000,87680000,1,10960000
nn_kernel_cpu,75584,0,1,0,0,0,0,1,10970000
nn_kernel_gpu,280,1,1,0,0,0,0,1,10970000
nn_kernel_gpu_mem,22511,1,1,87760000,43880000,43880000,87760000,1,10970000
nn_kernel_cpu,66963,0,1,0,0,0,0,1,1100000
nn_kernel_gpu,127,1,1,0,0,0,0,1,1100000
nn_kernel_gpu_mem,3359,1,1,8800000,4400000,4400000,8800000,1,1100000
nn_kernel_cpu,67902,0,1,0,0,0,0,1,10980000
nn_kernel_gpu,302,1,1,0,0,0,0,1,10980000
nn_kernel_gpu_mem,22079,1,1,87840000,43920000,43920000,87840000,1,10980000
nn_kernel_cpu,67647,0,1,0,0,0,0,1,110000
nn_kernel_gpu,60,1,1,0,0,0,0,1,110000
nn_kernel_gpu_mem,844,1,1,880000,440000,440000,880000,1,110000
nn_kernel_cpu,67902,0,1,0,0,0,0,1,10980000
nn_kernel_gpu,302,1,1,0,0,0,0,1,10980000
nn_kernel_gpu_mem,22079,1,1,87840000,43920000,43920000,87840000,1,10980000
nn_kernel_cpu,68202,0,1,0,0,0,0,1,10990000
nn_kernel_gpu,318,1,1,0,0,0,0,1,10990000
nn_kernel_gpu_mem,22676,1,1,87920000,43960000,43960000,87920000,1,10990000
nn_kernel_cpu,68202,0,1,0,0,0,0,1,10990000
nn_kernel_gpu,318,1,1,0,0,0,0,1,10990000
nn_kernel_gpu_mem,22676,1,1,87920000,43960000,43960000,87920000,1,10990000
nn_kernel_cpu,43786,0,1,0,0,0,0,1,11000000
nn_kernel_gpu,294,1,1,0,0,0,0,1,11000000
nn_kernel_gpu_mem,21732,1,1,88000000,44000000,44000000,88000000,1,11000000
nn_kernel_cpu,67811,0,1,0,0,0,0,1,11010000
nn_kernel_gpu,297,1,1,0,0,0,0,1,11010000
nn_kernel_gpu_mem,22610,1,1,88080000,44040000,44040000,88080000,1,11010000
nn_kernel_cpu,67811,0,1,0,0,0,0,1,11010000
nn_kernel_gpu,297,1,1,0,0,0,0,1,11010000
nn_kernel_gpu_mem,22610,1,1,88080000,44040000,44040000,88080000,1,11010000
nn_kernel_cpu,67811,0,1,0,0,0,0,1,11010000
nn_kernel_gpu,297,1,1,0,0,0,0,1,11010000
nn_kernel_gpu_mem,22610,1,1,88080000,44040000,44040000,88080000,1,11010000
nn_kernel_cpu,67915,0,1,0,0,0,0,1,11020000
nn_kernel_gpu,317,1,1,0,0,0,0,1,11020000
nn_kernel_gpu_mem,22898,1,1,88160000,44080000,44080000,88160000,1,11020000
nn_kernel_cpu,67915,0,1,0,0,0,0,1,11020000
nn_kernel_gpu,317,1,1,0,0,0,0,1,11020000
nn_kernel_gpu_mem,22898,1,1,88160000,44080000,44080000,88160000,1,11020000
nn_kernel_cpu,67797,0,1,0,0,0,0,1,11030000
nn_kernel_gpu,295,1,1,0,0,0,0,1,11030000
nn_kernel_gpu_mem,22064,1,1,88240000,44120000,44120000,88240000,1,11030000
nn_kernel_cpu,68069,0,1,0,0,0,0,1,11040000
nn_kernel_gpu,282,1,1,0,0,0,0,1,11040000
nn_kernel_gpu_mem,22795,1,1,88320000,44160000,44160000,88320000,1,11040000
nn_kernel_cpu,68069,0,1,0,0,0,0,1,11040000
nn_kernel_gpu,282,1,1,0,0,0,0,1,11040000
nn_kernel_gpu_mem,22795,1,1,88320000,44160000,44160000,88320000,1,11040000
nn_kernel_cpu,67996,0,1,0,0,0,0,1,11040000
nn_kernel_gpu,317,1,1,0,0,0,0,1,11040000
nn_kernel_gpu_mem,20874,1,1,88320000,44160000,44160000,88320000,1,11040000
nn_kernel_cpu,67403,0,1,0,0,0,0,1,11050000
nn_kernel_gpu,318,1,1,0,0,0,0,1,11050000
nn_kernel_gpu_mem,22943,1,1,88400000,44200000,44200000,88400000,1,11050000
nn_kernel_cpu,67403,0,1,0,0,0,0,1,11050000
nn_kernel_gpu,318,1,1,0,0,0,0,1,11050000
nn_kernel_gpu_mem,22943,1,1,88400000,44200000,44200000,88400000,1,11050000
nn_kernel_cpu,67842,0,1,0,0,0,0,1,11060000
nn_kernel_gpu,298,1,1,0,0,0,0,1,11060000
nn_kernel_gpu_mem,21213,1,1,88480000,44240000,44240000,88480000,1,11060000
nn_kernel_cpu,67345,0,1,0,0,0,0,1,1110000
nn_kernel_gpu,142,1,1,0,0,0,0,1,1110000
nn_kernel_gpu_mem,3209,1,1,8880000,4440000,4440000,8880000,1,1110000
nn_kernel_cpu,67942,0,1,0,0,0,0,1,11070000
nn_kernel_gpu,284,1,1,0,0,0,0,1,11070000
nn_kernel_gpu_mem,22981,1,1,88560000,44280000,44280000,88560000,1,11070000
nn_kernel_cpu,67942,0,1,0,0,0,0,1,11070000
nn_kernel_gpu,284,1,1,0,0,0,0,1,11070000
nn_kernel_gpu_mem,22981,1,1,88560000,44280000,44280000,88560000,1,11070000
nn_kernel_cpu,68095,0,1,0,0,0,0,1,11080000
nn_kernel_gpu,315,1,1,0,0,0,0,1,11080000
nn_kernel_gpu_mem,21438,1,1,88640000,44320000,44320000,88640000,1,11080000
nn_kernel_cpu,46153,0,1,0,0,0,0,1,11090000
nn_kernel_gpu,314,1,1,0,0,0,0,1,11090000
nn_kernel_gpu_mem,21980,1,1,88720000,44360000,44360000,88720000,1,11090000
nn_kernel_cpu,46153,0,1,0,0,0,0,1,11090000
nn_kernel_gpu,314,1,1,0,0,0,0,1,11090000
nn_kernel_gpu_mem,21980,1,1,88720000,44360000,44360000,88720000,1,11090000
nn_kernel_cpu,67720,0,1,0,0,0,0,1,11100000
nn_kernel_gpu,302,1,1,0,0,0,0,1,11100000
nn_kernel_gpu_mem,21283,1,1,88800000,44400000,44400000,88800000,1,11100000
nn_kernel_cpu,67720,0,1,0,0,0,0,1,11100000
nn_kernel_gpu,302,1,1,0,0,0,0,1,11100000
nn_kernel_gpu_mem,21283,1,1,88800000,44400000,44400000,88800000,1,11100000
nn_kernel_cpu,67720,0,1,0,0,0,0,1,11100000
nn_kernel_gpu,302,1,1,0,0,0,0,1,11100000
nn_kernel_gpu_mem,21283,1,1,88800000,44400000,44400000,88800000,1,11100000
nn_kernel_cpu,67928,0,1,0,0,0,0,1,11110000
nn_kernel_gpu,300,1,1,0,0,0,0,1,11110000
nn_kernel_gpu_mem,21264,1,1,88880000,44440000,44440000,88880000,1,11110000
nn_kernel_cpu,68470,0,1,0,0,0,0,1,11100000
nn_kernel_gpu,283,1,1,0,0,0,0,1,11100000
nn_kernel_gpu_mem,20263,1,1,88800000,44400000,44400000,88800000,1,11100000
nn_kernel_cpu,67975,0,1,0,0,0,0,1,11120000
nn_kernel_gpu,285,1,1,0,0,0,0,1,11120000
nn_kernel_gpu_mem,22048,1,1,88960000,44480000,44480000,88960000,1,11120000
nn_kernel_cpu,67975,0,1,0,0,0,0,1,11120000
nn_kernel_gpu,285,1,1,0,0,0,0,1,11120000
nn_kernel_gpu_mem,22048,1,1,88960000,44480000,44480000,88960000,1,11120000
nn_kernel_cpu,68232,0,1,0,0,0,0,1,11130000
nn_kernel_gpu,319,1,1,0,0,0,0,1,11130000
nn_kernel_gpu_mem,21257,1,1,89040000,44520000,44520000,89040000,1,11130000
nn_kernel_cpu,67936,0,1,0,0,0,0,1,11140000
nn_kernel_gpu,324,1,1,0,0,0,0,1,11140000
nn_kernel_gpu_mem,22136,1,1,89120000,44560000,44560000,89120000,1,11140000
nn_kernel_cpu,67936,0,1,0,0,0,0,1,11140000
nn_kernel_gpu,324,1,1,0,0,0,0,1,11140000
nn_kernel_gpu_mem,22136,1,1,89120000,44560000,44560000,89120000,1,11140000
nn_kernel_cpu,68108,0,1,0,0,0,0,1,11150000
nn_kernel_gpu,307,1,1,0,0,0,0,1,11150000
nn_kernel_gpu_mem,21468,1,1,89200000,44600000,44600000,89200000,1,11150000
nn_kernel_cpu,68108,0,1,0,0,0,0,1,11150000
nn_kernel_gpu,307,1,1,0,0,0,0,1,11150000
nn_kernel_gpu_mem,21468,1,1,89200000,44600000,44600000,89200000,1,11150000
nn_kernel_cpu,66656,0,1,0,0,0,0,1,1120000
nn_kernel_gpu,141,1,1,0,0,0,0,1,1120000
nn_kernel_gpu_mem,4111,1,1,8960000,4480000,4480000,8960000,1,1120000
nn_kernel_cpu,66656,0,1,0,0,0,0,1,1120000
nn_kernel_gpu,141,1,1,0,0,0,0,1,1120000
nn_kernel_gpu_mem,4111,1,1,8960000,4480000,4480000,8960000,1,1120000
nn_kernel_cpu,68359,0,1,0,0,0,0,1,11160000
nn_kernel_gpu,300,1,1,0,0,0,0,1,11160000
nn_kernel_gpu_mem,21416,1,1,89280000,44640000,44640000,89280000,1,11160000
nn_kernel_cpu,68117,0,1,0,0,0,0,1,11170000
nn_kernel_gpu,284,1,1,0,0,0,0,1,11170000
nn_kernel_gpu_mem,21361,1,1,89360000,44680000,44680000,89360000,1,11170000
nn_kernel_cpu,67654,0,1,0,0,0,0,1,11150000
nn_kernel_gpu,293,1,1,0,0,0,0,1,11150000
nn_kernel_gpu_mem,21092,1,1,89200000,44600000,44600000,89200000,1,11150000
nn_kernel_cpu,69316,0,1,0,0,0,0,1,11180000
nn_kernel_gpu,299,1,1,0,0,0,0,1,11180000
nn_kernel_gpu_mem,22094,1,1,89440000,44720000,44720000,89440000,1,11180000
nn_kernel_cpu,69316,0,1,0,0,0,0,1,11180000
nn_kernel_gpu,299,1,1,0,0,0,0,1,11180000
nn_kernel_gpu_mem,22094,1,1,89440000,44720000,44720000,89440000,1,11180000
nn_kernel_cpu,67839,0,1,0,0,0,0,1,11190000
nn_kernel_gpu,317,1,1,0,0,0,0,1,11190000
nn_kernel_gpu_mem,21663,1,1,89520000,44760000,44760000,89520000,1,11190000
nn_kernel_cpu,67701,0,1,0,0,0,0,1,11200000
nn_kernel_gpu,320,1,1,0,0,0,0,1,11200000
nn_kernel_gpu_mem,21874,1,1,89600000,44800000,44800000,89600000,1,11200000
nn_kernel_cpu,67701,0,1,0,0,0,0,1,11200000
nn_kernel_gpu,320,1,1,0,0,0,0,1,11200000
nn_kernel_gpu_mem,21874,1,1,89600000,44800000,44800000,89600000,1,11200000
nn_kernel_cpu,68331,0,1,0,0,0,0,1,11210000
nn_kernel_gpu,306,1,1,0,0,0,0,1,11210000
nn_kernel_gpu_mem,21940,1,1,89680000,44840000,44840000,89680000,1,11210000
nn_kernel_cpu,68331,0,1,0,0,0,0,1,11210000
nn_kernel_gpu,306,1,1,0,0,0,0,1,11210000
nn_kernel_gpu_mem,21940,1,1,89680000,44840000,44840000,89680000,1,11210000
nn_kernel_cpu,67577,0,1,0,0,0,0,1,11220000
nn_kernel_gpu,299,1,1,0,0,0,0,1,11220000
nn_kernel_gpu_mem,21497,1,1,89760000,44880000,44880000,89760000,1,11220000
nn_kernel_cpu,68261,0,1,0,0,0,0,1,11230000
nn_kernel_gpu,312,1,1,0,0,0,0,1,11230000
nn_kernel_gpu_mem,21769,1,1,89840000,44920000,44920000,89840000,1,11230000
nn_kernel_cpu,68261,0,1,0,0,0,0,1,11230000
nn_kernel_gpu,312,1,1,0,0,0,0,1,11230000
nn_kernel_gpu_mem,21769,1,1,89840000,44920000,44920000,89840000,1,11230000
nn_kernel_cpu,67707,0,1,0,0,0,0,1,11240000
nn_kernel_gpu,300,1,1,0,0,0,0,1,11240000
nn_kernel_gpu_mem,21709,1,1,89920000,44960000,44960000,89920000,1,11240000
nn_kernel_cpu,67707,0,1,0,0,0,0,1,11240000
nn_kernel_gpu,300,1,1,0,0,0,0,1,11240000
nn_kernel_gpu_mem,21709,1,1,89920000,44960000,44960000,89920000,1,11240000
nn_kernel_cpu,67361,0,1,0,0,0,0,1,11250000
nn_kernel_gpu,330,1,1,0,0,0,0,1,11250000
nn_kernel_gpu_mem,21654,1,1,90000000,45000000,45000000,90000000,1,11250000
nn_kernel_cpu,68530,0,1,0,0,0,0,1,11260000
nn_kernel_gpu,318,1,1,0,0,0,0,1,11260000
nn_kernel_gpu_mem,22400,1,1,90080000,45040000,45040000,90080000,1,11260000
nn_kernel_cpu,68530,0,1,0,0,0,0,1,11260000
nn_kernel_gpu,318,1,1,0,0,0,0,1,11260000
nn_kernel_gpu_mem,22400,1,1,90080000,45040000,45040000,90080000,1,11260000
nn_kernel_cpu,66862,0,1,0,0,0,0,1,1130000
nn_kernel_gpu,158,1,1,0,0,0,0,1,1130000
nn_kernel_gpu_mem,4159,1,1,9040000,4520000,4520000,9040000,1,1130000
nn_kernel_cpu,67447,0,1,0,0,0,0,1,11270000
nn_kernel_gpu,303,1,1,0,0,0,0,1,11270000
nn_kernel_gpu_mem,21740,1,1,90160000,45080000,45080000,90160000,1,11270000
nn_kernel_cpu,67447,0,1,0,0,0,0,1,11270000
nn_kernel_gpu,303,1,1,0,0,0,0,1,11270000
nn_kernel_gpu_mem,21740,1,1,90160000,45080000,45080000,90160000,1,11270000
nn_kernel_cpu,68260,0,1,0,0,0,0,1,11280000
nn_kernel_gpu,298,1,1,0,0,0,0,1,11280000
nn_kernel_gpu_mem,21589,1,1,90240000,45120000,45120000,90240000,1,11280000
nn_kernel_cpu,67759,0,1,0,0,0,0,1,11290000
nn_kernel_gpu,304,1,1,0,0,0,0,1,11290000
nn_kernel_gpu_mem,21957,1,1,90320000,45160000,45160000,90320000,1,11290000
nn_kernel_cpu,67759,0,1,0,0,0,0,1,11290000
nn_kernel_gpu,304,1,1,0,0,0,0,1,11290000
nn_kernel_gpu_mem,21957,1,1,90320000,45160000,45160000,90320000,1,11290000
nn_kernel_cpu,67754,0,1,0,0,0,0,1,11300000
nn_kernel_gpu,300,1,1,0,0,0,0,1,11300000
nn_kernel_gpu_mem,21804,1,1,90400000,45200000,45200000,90400000,1,11300000
nn_kernel_cpu,67754,0,1,0,0,0,0,1,11300000
nn_kernel_gpu,300,1,1,0,0,0,0,1,11300000
nn_kernel_gpu_mem,21804,1,1,90400000,45200000,45200000,90400000,1,11300000
nn_kernel_cpu,68408,0,1,0,0,0,0,1,11310000
nn_kernel_gpu,322,1,1,0,0,0,0,1,11310000
nn_kernel_gpu_mem,22123,1,1,90480000,45240000,45240000,90480000,1,11310000
nn_kernel_cpu,68408,0,1,0,0,0,0,1,11310000
nn_kernel_gpu,322,1,1,0,0,0,0,1,11310000
nn_kernel_gpu_mem,22123,1,1,90480000,45240000,45240000,90480000,1,11310000
nn_kernel_cpu,68207,0,1,0,0,0,0,1,11320000
nn_kernel_gpu,320,1,1,0,0,0,0,1,11320000
nn_kernel_gpu_mem,21816,1,1,90560000,45280000,45280000,90560000,1,11320000
nn_kernel_cpu,67996,0,1,0,0,0,0,1,11330000
nn_kernel_gpu,302,1,1,0,0,0,0,1,11330000
nn_kernel_gpu_mem,21959,1,1,90640000,45320000,45320000,90640000,1,11330000
nn_kernel_cpu,67996,0,1,0,0,0,0,1,11330000
nn_kernel_gpu,302,1,1,0,0,0,0,1,11330000
nn_kernel_gpu_mem,21959,1,1,90640000,45320000,45320000,90640000,1,11330000
nn_kernel_cpu,67635,0,1,0,0,0,0,1,11340000
nn_kernel_gpu,304,1,1,0,0,0,0,1,11340000
nn_kernel_gpu_mem,21801,1,1,90720000,45360000,45360000,90720000,1,11340000
nn_kernel_cpu,67839,0,1,0,0,0,0,1,11350000
nn_kernel_gpu,303,1,1,0,0,0,0,1,11350000
nn_kernel_gpu_mem,21979,1,1,90800000,45400000,45400000,90800000,1,11350000
nn_kernel_cpu,67839,0,1,0,0,0,0,1,11350000
nn_kernel_gpu,303,1,1,0,0,0,0,1,11350000
nn_kernel_gpu_mem,21979,1,1,90800000,45400000,45400000,90800000,1,11350000
nn_kernel_cpu,68109,0,1,0,0,0,0,1,11360000
nn_kernel_gpu,302,1,1,0,0,0,0,1,11360000
nn_kernel_gpu_mem,23228,1,1,90880000,45440000,45440000,90880000,1,11360000
nn_kernel_cpu,68109,0,1,0,0,0,0,1,11360000
nn_kernel_gpu,302,1,1,0,0,0,0,1,11360000
nn_kernel_gpu_mem,23228,1,1,90880000,45440000,45440000,90880000,1,11360000
nn_kernel_cpu,67929,0,1,0,0,0,0,1,1140000
nn_kernel_gpu,132,1,1,0,0,0,0,1,1140000
nn_kernel_gpu_mem,4278,1,1,9120000,4560000,4560000,9120000,1,1140000
nn_kernel_cpu,67929,0,1,0,0,0,0,1,1140000
nn_kernel_gpu,132,1,1,0,0,0,0,1,1140000
nn_kernel_gpu_mem,4278,1,1,9120000,4560000,4560000,9120000,1,1140000
nn_kernel_cpu,67244,0,1,0,0,0,0,1,11370000
nn_kernel_gpu,323,1,1,0,0,0,0,1,11370000
nn_kernel_gpu_mem,22061,1,1,90960000,45480000,45480000,90960000,1,11370000
nn_kernel_cpu,67244,0,1,0,0,0,0,1,11370000
nn_kernel_gpu,323,1,1,0,0,0,0,1,11370000
nn_kernel_gpu_mem,22061,1,1,90960000,45480000,45480000,90960000,1,11370000
nn_kernel_cpu,67513,0,1,0,0,0,0,1,11380000
nn_kernel_gpu,321,1,1,0,0,0,0,1,11380000
nn_kernel_gpu_mem,21900,1,1,91040000,45520000,45520000,91040000,1,11380000
nn_kernel_cpu,67847,0,1,0,0,0,0,1,11390000
nn_kernel_gpu,307,1,1,0,0,0,0,1,11390000
nn_kernel_gpu_mem,22099,1,1,91120000,45560000,45560000,91120000,1,11390000
nn_kernel_cpu,67847,0,1,0,0,0,0,1,11390000
nn_kernel_gpu,307,1,1,0,0,0,0,1,11390000
nn_kernel_gpu_mem,22099,1,1,91120000,45560000,45560000,91120000,1,11390000
nn_kernel_cpu,68326,0,1,0,0,0,0,1,11400000
nn_kernel_gpu,303,1,1,0,0,0,0,1,11400000
nn_kernel_gpu_mem,21853,1,1,91200000,45600000,45600000,91200000,1,11400000
nn_kernel_cpu,67081,0,1,0,0,0,0,1,11410000
nn_kernel_gpu,302,1,1,0,0,0,0,1,11410000
nn_kernel_gpu_mem,21992,1,1,91280000,45640000,45640000,91280000,1,11410000
nn_kernel_cpu,67081,0,1,0,0,0,0,1,11410000
nn_kernel_gpu,302,1,1,0,0,0,0,1,11410000
nn_kernel_gpu_mem,21992,1,1,91280000,45640000,45640000,91280000,1,11410000
nn_kernel_cpu,67081,0,1,0,0,0,0,1,11410000
nn_kernel_gpu,302,1,1,0,0,0,0,1,11410000
nn_kernel_gpu_mem,21992,1,1,91280000,45640000,45640000,91280000,1,11410000
nn_kernel_cpu,76285,0,1,0,0,0,0,1,11420000
nn_kernel_gpu,285,1,1,0,0,0,0,1,11420000
nn_kernel_gpu_mem,21865,1,1,91360000,45680000,45680000,91360000,1,11420000
nn_kernel_cpu,68168,0,1,0,0,0,0,1,11430000
nn_kernel_gpu,321,1,1,0,0,0,0,1,11430000
nn_kernel_gpu_mem,22186,1,1,91440000,45720000,45720000,91440000,1,11430000
nn_kernel_cpu,68168,0,1,0,0,0,0,1,11430000
nn_kernel_gpu,321,1,1,0,0,0,0,1,11430000
nn_kernel_gpu_mem,22186,1,1,91440000,45720000,45720000,91440000,1,11430000
nn_kernel_cpu,67674,0,1,0,0,0,0,1,11440000
nn_kernel_gpu,322,1,1,0,0,0,0,1,11440000
nn_kernel_gpu_mem,22099,1,1,91520000,45760000,45760000,91520000,1,11440000
nn_kernel_cpu,68438,0,1,0,0,0,0,1,11450000
nn_kernel_gpu,308,1,1,0,0,0,0,1,11450000
nn_kernel_gpu_mem,22139,1,1,91600000,45800000,45800000,91600000,1,11450000
nn_kernel_cpu,68438,0,1,0,0,0,0,1,11450000
nn_kernel_gpu,308,1,1,0,0,0,0,1,11450000
nn_kernel_gpu_mem,22139,1,1,91600000,45800000,45800000,91600000,1,11450000
nn_kernel_cpu,75092,0,1,0,0,0,0,1,11460000
nn_kernel_gpu,304,1,1,0,0,0,0,1,11460000
nn_kernel_gpu_mem,21916,1,1,91680000,45840000,45840000,91680000,1,11460000
nn_kernel_cpu,67652,0,1,0,0,0,0,1,1150000
nn_kernel_gpu,134,1,1,0,0,0,0,1,1150000
nn_kernel_gpu_mem,3232,1,1,9200000,4600000,4600000,9200000,1,1150000
nn_kernel_cpu,67543,0,1,0,0,0,0,1,11470000
nn_kernel_gpu,302,1,1,0,0,0,0,1,11470000
nn_kernel_gpu_mem,21944,1,1,91760000,45880000,45880000,91760000,1,11470000
nn_kernel_cpu,67543,0,1,0,0,0,0,1,11470000
nn_kernel_gpu,302,1,1,0,0,0,0,1,11470000
nn_kernel_gpu_mem,21944,1,1,91760000,45880000,45880000,91760000,1,11470000
nn_kernel_cpu,67543,0,1,0,0,0,0,1,11470000
nn_kernel_gpu,302,1,1,0,0,0,0,1,11470000
nn_kernel_gpu_mem,21944,1,1,91760000,45880000,45880000,91760000,1,11470000
nn_kernel_cpu,67499,0,1,0,0,0,0,1,11480000
nn_kernel_gpu,293,1,1,0,0,0,0,1,11480000
nn_kernel_gpu_mem,21825,1,1,91840000,45920000,45920000,91840000,1,11480000
nn_kernel_cpu,69549,0,1,0,0,0,0,1,11490000
nn_kernel_gpu,324,1,1,0,0,0,0,1,11490000
nn_kernel_gpu_mem,21990,1,1,91920000,45960000,45960000,91920000,1,11490000
nn_kernel_cpu,69549,0,1,0,0,0,0,1,11490000
nn_kernel_gpu,324,1,1,0,0,0,0,1,11490000
nn_kernel_gpu_mem,21990,1,1,91920000,45960000,45960000,91920000,1,11490000
nn_kernel_cpu,69549,0,1,0,0,0,0,1,11490000
nn_kernel_gpu,324,1,1,0,0,0,0,1,11490000
nn_kernel_gpu_mem,21990,1,1,91920000,45960000,45960000,91920000,1,11490000
nn_kernel_cpu,68607,0,1,0,0,0,0,1,11500000
nn_kernel_gpu,365,1,1,0,0,0,0,1,11500000
nn_kernel_gpu_mem,22283,1,1,92000000,46000000,46000000,92000000,1,11500000
nn_kernel_cpu,68607,0,1,0,0,0,0,1,11500000
nn_kernel_gpu,365,1,1,0,0,0,0,1,11500000
nn_kernel_gpu_mem,22283,1,1,92000000,46000000,46000000,92000000,1,11500000
nn_kernel_cpu,67642,0,1,0,0,0,0,1,11510000
nn_kernel_gpu,304,1,1,0,0,0,0,1,11510000
nn_kernel_gpu_mem,22101,1,1,92080000,46040000,46040000,92080000,1,11510000
nn_kernel_cpu,67831,0,1,0,0,0,0,1,11520000
nn_kernel_gpu,287,1,1,0,0,0,0,1,11520000
nn_kernel_gpu_mem,22013,1,1,92160000,46080000,46080000,92160000,1,11520000
nn_kernel_cpu,67831,0,1,0,0,0,0,1,11520000
nn_kernel_gpu,287,1,1,0,0,0,0,1,11520000
nn_kernel_gpu_mem,22013,1,1,92160000,46080000,46080000,92160000,1,11520000
nn_kernel_cpu,67831,0,1,0,0,0,0,1,11520000
nn_kernel_gpu,287,1,1,0,0,0,0,1,11520000
nn_kernel_gpu_mem,22013,1,1,92160000,46080000,46080000,92160000,1,11520000
nn_kernel_cpu,67831,0,1,0,0,0,0,1,11520000
nn_kernel_gpu,287,1,1,0,0,0,0,1,11520000
nn_kernel_gpu_mem,22013,1,1,92160000,46080000,46080000,92160000,1,11520000
nn_kernel_cpu,67661,0,1,0,0,0,0,1,11530000
nn_kernel_gpu,322,1,1,0,0,0,0,1,11530000
nn_kernel_gpu_mem,22410,1,1,92240000,46120000,46120000,92240000,1,11530000
nn_kernel_cpu,67661,0,1,0,0,0,0,1,11530000
nn_kernel_gpu,322,1,1,0,0,0,0,1,11530000
nn_kernel_gpu_mem,22410,1,1,92240000,46120000,46120000,92240000,1,11530000
nn_kernel_cpu,67993,0,1,0,0,0,0,1,11540000
nn_kernel_gpu,324,1,1,0,0,0,0,1,11540000
nn_kernel_gpu_mem,22229,1,1,92320000,46160000,46160000,92320000,1,11540000
nn_kernel_cpu,67993,0,1,0,0,0,0,1,11540000
nn_kernel_gpu,324,1,1,0,0,0,0,1,11540000
nn_kernel_gpu_mem,22229,1,1,92320000,46160000,46160000,92320000,1,11540000
nn_kernel_cpu,68057,0,1,0,0,0,0,1,11550000
nn_kernel_gpu,304,1,1,0,0,0,0,1,11550000
nn_kernel_gpu_mem,22379,1,1,92400000,46200000,46200000,92400000,1,11550000
nn_kernel_cpu,68057,0,1,0,0,0,0,1,11550000
nn_kernel_gpu,304,1,1,0,0,0,0,1,11550000
nn_kernel_gpu_mem,22379,1,1,92400000,46200000,46200000,92400000,1,11550000
nn_kernel_cpu,66225,0,1,0,0,0,0,1,1160000
nn_kernel_gpu,133,1,1,0,0,0,0,1,1160000
nn_kernel_gpu_mem,4251,1,1,9280000,4640000,4640000,9280000,1,1160000
nn_kernel_cpu,67639,0,1,0,0,0,0,1,11560000
nn_kernel_gpu,286,1,1,0,0,0,0,1,11560000
nn_kernel_gpu_mem,22502,1,1,92480000,46240000,46240000,92480000,1,11560000
nn_kernel_cpu,67639,0,1,0,0,0,0,1,11560000
nn_kernel_gpu,286,1,1,0,0,0,0,1,11560000
nn_kernel_gpu_mem,22502,1,1,92480000,46240000,46240000,92480000,1,11560000
nn_kernel_cpu,67723,0,1,0,0,0,0,1,11570000
nn_kernel_gpu,291,1,1,0,0,0,0,1,11570000
nn_kernel_gpu_mem,22183,1,1,92560000,46280000,46280000,92560000,1,11570000
nn_kernel_cpu,67723,0,1,0,0,0,0,1,11570000
nn_kernel_gpu,291,1,1,0,0,0,0,1,11570000
nn_kernel_gpu_mem,22183,1,1,92560000,46280000,46280000,92560000,1,11570000
nn_kernel_cpu,67961,0,1,0,0,0,0,1,11570000
nn_kernel_gpu,305,1,1,0,0,0,0,1,11570000
nn_kernel_gpu_mem,27350,1,1,92560000,46280000,46280000,92560000,1,11570000
nn_kernel_cpu,67547,0,1,0,0,0,0,1,11580000
nn_kernel_gpu,306,1,1,0,0,0,0,1,11580000
nn_kernel_gpu_mem,22429,1,1,92640000,46320000,46320000,92640000,1,11580000
nn_kernel_cpu,67547,0,1,0,0,0,0,1,11580000
nn_kernel_gpu,306,1,1,0,0,0,0,1,11580000
nn_kernel_gpu_mem,22429,1,1,92640000,46320000,46320000,92640000,1,11580000
nn_kernel_cpu,67547,0,1,0,0,0,0,1,11580000
nn_kernel_gpu,306,1,1,0,0,0,0,1,11580000
nn_kernel_gpu_mem,22429,1,1,92640000,46320000,46320000,92640000,1,11580000
nn_kernel_cpu,67760,0,1,0,0,0,0,1,11590000
nn_kernel_gpu,323,1,1,0,0,0,0,1,11590000
nn_kernel_gpu_mem,22250,1,1,92720000,46360000,46360000,92720000,1,11590000
nn_kernel_cpu,67549,0,1,0,0,0,0,1,11600000
nn_kernel_gpu,309,1,1,0,0,0,0,1,11600000
nn_kernel_gpu_mem,22354,1,1,92800000,46400000,46400000,92800000,1,11600000
nn_kernel_cpu,67967,0,1,0,0,0,0,1,11610000
nn_kernel_gpu,307,1,1,0,0,0,0,1,11610000
nn_kernel_gpu_mem,22281,1,1,92880000,46440000,46440000,92880000,1,11610000
nn_kernel_cpu,40500,0,1,0,0,0,0,1,11620000
nn_kernel_gpu,309,1,1,0,0,0,0,1,11620000
nn_kernel_gpu_mem,22686,1,1,92960000,46480000,46480000,92960000,1,11620000
nn_kernel_cpu,40500,0,1,0,0,0,0,1,11620000
nn_kernel_gpu,309,1,1,0,0,0,0,1,11620000
nn_kernel_gpu_mem,22686,1,1,92960000,46480000,46480000,92960000,1,11620000
nn_kernel_cpu,40500,0,1,0,0,0,0,1,11620000
nn_kernel_gpu,309,1,1,0,0,0,0,1,11620000
nn_kernel_gpu_mem,22686,1,1,92960000,46480000,46480000,92960000,1,11620000
nn_kernel_cpu,67586,0,1,0,0,0,0,1,11630000
nn_kernel_gpu,290,1,1,0,0,0,0,1,11630000
nn_kernel_gpu_mem,22237,1,1,93040000,46520000,46520000,93040000,1,11630000
nn_kernel_cpu,67537,0,1,0,0,0,0,1,11640000
nn_kernel_gpu,308,1,1,0,0,0,0,1,11640000
nn_kernel_gpu_mem,22548,1,1,93120000,46560000,46560000,93120000,1,11640000
nn_kernel_cpu,67757,0,1,0,0,0,0,1,11650000
nn_kernel_gpu,310,1,1,0,0,0,0,1,11650000
nn_kernel_gpu_mem,22632,1,1,93200000,46600000,46600000,93200000,1,11650000
nn_kernel_cpu,67757,0,1,0,0,0,0,1,11650000
nn_kernel_gpu,310,1,1,0,0,0,0,1,11650000
nn_kernel_gpu_mem,22632,1,1,93200000,46600000,46600000,93200000,1,11650000
nn_kernel_cpu,67757,0,1,0,0,0,0,1,11650000
nn_kernel_gpu,310,1,1,0,0,0,0,1,11650000
nn_kernel_gpu_mem,22632,1,1,93200000,46600000,46600000,93200000,1,11650000
nn_kernel_cpu,65491,0,1,0,0,0,0,1,1170000
nn_kernel_gpu,138,1,1,0,0,0,0,1,1170000
nn_kernel_gpu_mem,3303,1,1,9360000,4680000,4680000,9360000,1,1170000
nn_kernel_cpu,67088,0,1,0,0,0,0,1,11670000
nn_kernel_gpu,310,1,1,0,0,0,0,1,11670000
nn_kernel_gpu_mem,22446,1,1,93360000,46680000,46680000,93360000,1,11670000
nn_kernel_cpu,80006,0,1,0,0,0,0,1,11660000
nn_kernel_gpu,324,1,1,0,0,0,0,1,11660000
nn_kernel_gpu_mem,26058,1,1,93280000,46640000,46640000,93280000,1,11660000
nn_kernel_cpu,68016,0,1,0,0,0,0,1,11680000
nn_kernel_gpu,304,1,1,0,0,0,0,1,11680000
nn_kernel_gpu_mem,22535,1,1,93440000,46720000,46720000,93440000,1,11680000
nn_kernel_cpu,67752,0,1,0,0,0,0,1,11690000
nn_kernel_gpu,308,1,1,0,0,0,0,1,11690000
nn_kernel_gpu_mem,22511,1,1,93520000,46760000,46760000,93520000,1,11690000
nn_kernel_cpu,67752,0,1,0,0,0,0,1,11690000
nn_kernel_gpu,308,1,1,0,0,0,0,1,11690000
nn_kernel_gpu_mem,22511,1,1,93520000,46760000,46760000,93520000,1,11690000
nn_kernel_cpu,67752,0,1,0,0,0,0,1,11690000
nn_kernel_gpu,308,1,1,0,0,0,0,1,11690000
nn_kernel_gpu_mem,22511,1,1,93520000,46760000,46760000,93520000,1,11690000
nn_kernel_cpu,67843,0,1,0,0,0,0,1,11700000
nn_kernel_gpu,290,1,1,0,0,0,0,1,11700000
nn_kernel_gpu_mem,22380,1,1,93600000,46800000,46800000,93600000,1,11700000
nn_kernel_cpu,68116,0,1,0,0,0,0,1,11710000
nn_kernel_gpu,312,1,1,0,0,0,0,1,11710000
nn_kernel_gpu_mem,22757,1,1,93680000,46840000,46840000,93680000,1,11710000
nn_kernel_cpu,68116,0,1,0,0,0,0,1,11710000
nn_kernel_gpu,312,1,1,0,0,0,0,1,11710000
nn_kernel_gpu_mem,22757,1,1,93680000,46840000,46840000,93680000,1,11710000
nn_kernel_cpu,68116,0,1,0,0,0,0,1,11710000
nn_kernel_gpu,312,1,1,0,0,0,0,1,11710000
nn_kernel_gpu_mem,22757,1,1,93680000,46840000,46840000,93680000,1,11710000
nn_kernel_cpu,67941,0,1,0,0,0,0,1,11720000
nn_kernel_gpu,305,1,1,0,0,0,0,1,11720000
nn_kernel_gpu_mem,22628,1,1,93760000,46880000,46880000,93760000,1,11720000
nn_kernel_cpu,68053,0,1,0,0,0,0,1,11730000
nn_kernel_gpu,312,1,1,0,0,0,0,1,11730000
nn_kernel_gpu_mem,24302,1,1,93840000,46920000,46920000,93840000,1,11730000
nn_kernel_cpu,68493,0,1,0,0,0,0,1,11740000
nn_kernel_gpu,361,1,1,0,0,0,0,1,11740000
nn_kernel_gpu_mem,22663,1,1,93920000,46960000,46960000,93920000,1,11740000
nn_kernel_cpu,67891,0,1,0,0,0,0,1,11750000
nn_kernel_gpu,307,1,1,0,0,0,0,1,11750000
nn_kernel_gpu_mem,22602,1,1,94000000,47000000,47000000,94000000,1,11750000
nn_kernel_cpu,67823,0,1,0,0,0,0,1,11760000
nn_kernel_gpu,291,1,1,0,0,0,0,1,11760000
nn_kernel_gpu_mem,22822,1,1,94080000,47040000,47040000,94080000,1,11760000
nn_kernel_cpu,67823,0,1,0,0,0,0,1,11760000
nn_kernel_gpu,291,1,1,0,0,0,0,1,11760000
nn_kernel_gpu_mem,22822,1,1,94080000,47040000,47040000,94080000,1,11760000
nn_kernel_cpu,67927,0,1,0,0,0,0,1,11770000
nn_kernel_gpu,304,1,1,0,0,0,0,1,11770000
nn_kernel_gpu_mem,22960,1,1,94160000,47080000,47080000,94160000,1,11770000
nn_kernel_cpu,75789,0,1,0,0,0,0,1,1180000
nn_kernel_gpu,155,1,1,0,0,0,0,1,1180000
nn_kernel_gpu_mem,3271,1,1,9440000,4720000,4720000,9440000,1,1180000
nn_kernel_cpu,67927,0,1,0,0,0,0,1,11770000
nn_kernel_gpu,304,1,1,0,0,0,0,1,11770000
nn_kernel_gpu_mem,22960,1,1,94160000,47080000,47080000,94160000,1,11770000
nn_kernel_cpu,69725,0,1,0,0,0,0,1,11780000
nn_kernel_gpu,312,1,1,0,0,0,0,1,11780000
nn_kernel_gpu_mem,23003,1,1,94240000,47120000,47120000,94240000,1,11780000
nn_kernel_cpu,69725,0,1,0,0,0,0,1,11780000
nn_kernel_gpu,312,1,1,0,0,0,0,1,11780000
nn_kernel_gpu_mem,23003,1,1,94240000,47120000,47120000,94240000,1,11780000
nn_kernel_cpu,69725,0,1,0,0,0,0,1,11780000
nn_kernel_gpu,312,1,1,0,0,0,0,1,11780000
nn_kernel_gpu_mem,23003,1,1,94240000,47120000,47120000,94240000,1,11780000
nn_kernel_cpu,67551,0,1,0,0,0,0,1,11800000
nn_kernel_gpu,315,1,1,0,0,0,0,1,11800000
nn_kernel_gpu_mem,22714,1,1,94400000,47200000,47200000,94400000,1,11800000
nn_kernel_cpu,80159,0,1,0,0,0,0,1,11810000
nn_kernel_gpu,308,1,1,0,0,0,0,1,11810000
nn_kernel_gpu_mem,22752,1,1,94480000,47240000,47240000,94480000,1,11810000
nn_kernel_cpu,67721,0,1,0,0,0,0,1,11790000
nn_kernel_gpu,311,1,1,0,0,0,0,1,11790000
nn_kernel_gpu_mem,25507,1,1,94320000,47160000,47160000,94320000,1,11790000
nn_kernel_cpu,102750,0,1,0,0,0,0,1,11820000
nn_kernel_gpu,308,1,1,0,0,0,0,1,11820000
nn_kernel_gpu_mem,22651,1,1,94560000,47280000,47280000,94560000,1,11820000
nn_kernel_cpu,67920,0,1,0,0,0,0,1,11830000
nn_kernel_gpu,326,1,1,0,0,0,0,1,11830000
nn_kernel_gpu_mem,22645,1,1,94640000,47320000,47320000,94640000,1,11830000
nn_kernel_cpu,67920,0,1,0,0,0,0,1,11830000
nn_kernel_gpu,326,1,1,0,0,0,0,1,11830000
nn_kernel_gpu_mem,22645,1,1,94640000,47320000,47320000,94640000,1,11830000
nn_kernel_cpu,67920,0,1,0,0,0,0,1,11830000
nn_kernel_gpu,326,1,1,0,0,0,0,1,11830000
nn_kernel_gpu_mem,22645,1,1,94640000,47320000,47320000,94640000,1,11830000
nn_kernel_cpu,68062,0,1,0,0,0,0,1,11840000
nn_kernel_gpu,297,1,1,0,0,0,0,1,11840000
nn_kernel_gpu_mem,22708,1,1,94720000,47360000,47360000,94720000,1,11840000
nn_kernel_cpu,68627,0,1,0,0,0,0,1,11850000
nn_kernel_gpu,312,1,1,0,0,0,0,1,11850000
nn_kernel_gpu_mem,23296,1,1,94800000,47400000,47400000,94800000,1,11850000
nn_kernel_cpu,68627,0,1,0,0,0,0,1,11850000
nn_kernel_gpu,312,1,1,0,0,0,0,1,11850000
nn_kernel_gpu_mem,23296,1,1,94800000,47400000,47400000,94800000,1,11850000
nn_kernel_cpu,68627,0,1,0,0,0,0,1,11850000
nn_kernel_gpu,312,1,1,0,0,0,0,1,11850000
nn_kernel_gpu_mem,23296,1,1,94800000,47400000,47400000,94800000,1,11850000
nn_kernel_cpu,67123,0,1,0,0,0,0,1,1190000
nn_kernel_gpu,155,1,1,0,0,0,0,1,1190000
nn_kernel_gpu_mem,3423,1,1,9520000,4760000,4760000,9520000,1,1190000
nn_kernel_cpu,66028,0,1,0,0,0,0,1,1190000
nn_kernel_gpu,131,1,1,0,0,0,0,1,1190000
nn_kernel_gpu_mem,3286,1,1,9520000,4760000,4760000,9520000,1,1190000
nn_kernel_cpu,66028,0,1,0,0,0,0,1,1190000
nn_kernel_gpu,131,1,1,0,0,0,0,1,1190000
nn_kernel_gpu_mem,3286,1,1,9520000,4760000,4760000,9520000,1,1190000
nn_kernel_cpu,68023,0,1,0,0,0,0,1,11860000
nn_kernel_gpu,310,1,1,0,0,0,0,1,11860000
nn_kernel_gpu_mem,22811,1,1,94880000,47440000,47440000,94880000,1,11860000
nn_kernel_cpu,67852,0,1,0,0,0,0,1,11870000
nn_kernel_gpu,311,1,1,0,0,0,0,1,11870000
nn_kernel_gpu_mem,22968,1,1,94960000,47480000,47480000,94960000,1,11870000
nn_kernel_cpu,67852,0,1,0,0,0,0,1,11870000
nn_kernel_gpu,311,1,1,0,0,0,0,1,11870000
nn_kernel_gpu_mem,22968,1,1,94960000,47480000,47480000,94960000,1,11870000
nn_kernel_cpu,68155,0,1,0,0,0,0,1,11880000
nn_kernel_gpu,309,1,1,0,0,0,0,1,11880000
nn_kernel_gpu_mem,23127,1,1,95040000,47520000,47520000,95040000,1,11880000
nn_kernel_cpu,67967,0,1,0,0,0,0,1,11890000
nn_kernel_gpu,293,1,1,0,0,0,0,1,11890000
nn_kernel_gpu_mem,23435,1,1,95120000,47560000,47560000,95120000,1,11890000
nn_kernel_cpu,67772,0,1,0,0,0,0,1,11900000
nn_kernel_gpu,297,1,1,0,0,0,0,1,11900000
nn_kernel_gpu_mem,23334,1,1,95200000,47600000,47600000,95200000,1,11900000
nn_kernel_cpu,67772,0,1,0,0,0,0,1,11900000
nn_kernel_gpu,297,1,1,0,0,0,0,1,11900000
nn_kernel_gpu_mem,23334,1,1,95200000,47600000,47600000,95200000,1,11900000
nn_kernel_cpu,68416,0,1,0,0,0,0,1,11890000
nn_kernel_gpu,298,1,1,0,0,0,0,1,11890000
nn_kernel_gpu_mem,21593,1,1,95120000,47560000,47560000,95120000,1,11890000
nn_kernel_cpu,67576,0,1,0,0,0,0,1,11910000
nn_kernel_gpu,310,1,1,0,0,0,0,1,11910000
nn_kernel_gpu_mem,23359,1,1,95280000,47640000,47640000,95280000,1,11910000
nn_kernel_cpu,68405,0,1,0,0,0,0,1,11920000
nn_kernel_gpu,332,1,1,0,0,0,0,1,11920000
nn_kernel_gpu_mem,23578,1,1,95360000,47680000,47680000,95360000,1,11920000
nn_kernel_cpu,68405,0,1,0,0,0,0,1,11920000
nn_kernel_gpu,332,1,1,0,0,0,0,1,11920000
nn_kernel_gpu_mem,23578,1,1,95360000,47680000,47680000,95360000,1,11920000
nn_kernel_cpu,67374,0,1,0,0,0,0,1,11930000
nn_kernel_gpu,311,1,1,0,0,0,0,1,11930000
nn_kernel_gpu_mem,22963,1,1,95440000,47720000,47720000,95440000,1,11930000
nn_kernel_cpu,67896,0,1,0,0,0,0,1,11940000
nn_kernel_gpu,309,1,1,0,0,0,0,1,11940000
nn_kernel_gpu_mem,23265,1,1,95520000,47760000,47760000,95520000,1,11940000
nn_kernel_cpu,67896,0,1,0,0,0,0,1,11940000
nn_kernel_gpu,309,1,1,0,0,0,0,1,11940000
nn_kernel_gpu_mem,23265,1,1,95520000,47760000,47760000,95520000,1,11940000
nn_kernel_cpu,68395,0,1,0,0,0,0,1,11950000
nn_kernel_gpu,311,1,1,0,0,0,0,1,11950000
nn_kernel_gpu_mem,23235,1,1,95600000,47800000,47800000,95600000,1,11950000
nn_kernel_cpu,67474,0,1,0,0,0,0,1,1200000
nn_kernel_gpu,163,1,1,0,0,0,0,1,1200000
nn_kernel_gpu_mem,4172,1,1,9600000,4800000,4800000,9600000,1,1200000
nn_kernel_cpu,67787,0,1,0,0,0,0,1,11960000
nn_kernel_gpu,327,1,1,0,0,0,0,1,11960000
nn_kernel_gpu_mem,23246,1,1,95680000,47840000,47840000,95680000,1,11960000
nn_kernel_cpu,67952,0,1,0,0,0,0,1,11970000
nn_kernel_gpu,299,1,1,0,0,0,0,1,11970000
nn_kernel_gpu_mem,23179,1,1,95760000,47880000,47880000,95760000,1,11970000
nn_kernel_cpu,67281,0,1,0,0,0,0,1,120000
nn_kernel_gpu,59,1,1,0,0,0,0,1,120000
nn_kernel_gpu_mem,855,1,1,960000,480000,480000,960000,1,120000
nn_kernel_cpu,67281,0,1,0,0,0,0,1,120000
nn_kernel_gpu,59,1,1,0,0,0,0,1,120000
nn_kernel_gpu_mem,855,1,1,960000,480000,480000,960000,1,120000
nn_kernel_cpu,67787,0,1,0,0,0,0,1,11960000
nn_kernel_gpu,327,1,1,0,0,0,0,1,11960000
nn_kernel_gpu_mem,23246,1,1,95680000,47840000,47840000,95680000,1,11960000
nn_kernel_cpu,68857,0,1,0,0,0,0,1,11980000
nn_kernel_gpu,311,1,1,0,0,0,0,1,11980000
nn_kernel_gpu_mem,23424,1,1,95840000,47920000,47920000,95840000,1,11980000
nn_kernel_cpu,67757,0,1,0,0,0,0,1,11990000
nn_kernel_gpu,314,1,1,0,0,0,0,1,11990000
nn_kernel_gpu_mem,23549,1,1,95920000,47960000,47960000,95920000,1,11990000
nn_kernel_cpu,67962,0,1,0,0,0,0,1,12000000
nn_kernel_gpu,335,1,1,0,0,0,0,1,12000000
nn_kernel_gpu_mem,23671,1,1,96000000,48000000,48000000,96000000,1,12000000
nn_kernel_cpu,67962,0,1,0,0,0,0,1,12000000
nn_kernel_gpu,335,1,1,0,0,0,0,1,12000000
nn_kernel_gpu_mem,23671,1,1,96000000,48000000,48000000,96000000,1,12000000
nn_kernel_cpu,68161,0,1,0,0,0,0,1,12010000
nn_kernel_gpu,313,1,1,0,0,0,0,1,12010000
nn_kernel_gpu_mem,23302,1,1,96080000,48040000,48040000,96080000,1,12010000
nn_kernel_cpu,67719,0,1,0,0,0,0,1,12010000
nn_kernel_gpu,320,1,1,0,0,0,0,1,12010000
nn_kernel_gpu_mem,24748,1,1,96080000,48040000,48040000,96080000,1,12010000
nn_kernel_cpu,67877,0,1,0,0,0,0,1,12020000
nn_kernel_gpu,312,1,1,0,0,0,0,1,12020000
nn_kernel_gpu_mem,48405,1,1,96160000,48080000,48080000,96160000,1,12020000
nn_kernel_cpu,67877,0,1,0,0,0,0,1,12020000
nn_kernel_gpu,312,1,1,0,0,0,0,1,12020000
nn_kernel_gpu_mem,48405,1,1,96160000,48080000,48080000,96160000,1,12020000
nn_kernel_cpu,67877,0,1,0,0,0,0,1,12020000
nn_kernel_gpu,312,1,1,0,0,0,0,1,12020000
nn_kernel_gpu_mem,48405,1,1,96160000,48080000,48080000,96160000,1,12020000
nn_kernel_cpu,67877,0,1,0,0,0,0,1,12020000
nn_kernel_gpu,312,1,1,0,0,0,0,1,12020000
nn_kernel_gpu_mem,48405,1,1,96160000,48080000,48080000,96160000,1,12020000
nn_kernel_cpu,67572,0,1,0,0,0,0,1,12030000
nn_kernel_gpu,313,1,1,0,0,0,0,1,12030000
nn_kernel_gpu_mem,23655,1,1,96240000,48120000,48120000,96240000,1,12030000
nn_kernel_cpu,68415,0,1,0,0,0,0,1,12020000
nn_kernel_gpu,331,1,1,0,0,0,0,1,12020000
nn_kernel_gpu_mem,21828,1,1,96160000,48080000,48080000,96160000,1,12020000
nn_kernel_cpu,68136,0,1,0,0,0,0,1,12040000
nn_kernel_gpu,313,1,1,0,0,0,0,1,12040000
nn_kernel_gpu_mem,23722,1,1,96320000,48160000,48160000,96320000,1,12040000
nn_kernel_cpu,41915,0,1,0,0,0,0,1,12050000
nn_kernel_gpu,334,1,1,0,0,0,0,1,12050000
nn_kernel_gpu_mem,23660,1,1,96400000,48200000,48200000,96400000,1,12050000
nn_kernel_cpu,68154,0,1,0,0,0,0,1,12050000
nn_kernel_gpu,321,1,1,0,0,0,0,1,12050000
nn_kernel_gpu_mem,23972,1,1,96400000,48200000,48200000,96400000,1,12050000
nn_kernel_cpu,65804,0,1,0,0,0,0,1,1210000
nn_kernel_gpu,143,1,1,0,0,0,0,1,1210000
nn_kernel_gpu_mem,4123,1,1,9680000,4840000,4840000,9680000,1,1210000
nn_kernel_cpu,68077,0,1,0,0,0,0,1,12060000
nn_kernel_gpu,312,1,1,0,0,0,0,1,12060000
nn_kernel_gpu_mem,23464,1,1,96480000,48240000,48240000,96480000,1,12060000
nn_kernel_cpu,68400,0,1,0,0,0,0,1,12070000
nn_kernel_gpu,298,1,1,0,0,0,0,1,12070000
nn_kernel_gpu_mem,23858,1,1,96560000,48280000,48280000,96560000,1,12070000
nn_kernel_cpu,68400,0,1,0,0,0,0,1,12070000
nn_kernel_gpu,298,1,1,0,0,0,0,1,12070000
nn_kernel_gpu_mem,23858,1,1,96560000,48280000,48280000,96560000,1,12070000
nn_kernel_cpu,68400,0,1,0,0,0,0,1,12070000
nn_kernel_gpu,298,1,1,0,0,0,0,1,12070000
nn_kernel_gpu_mem,23858,1,1,96560000,48280000,48280000,96560000,1,12070000
nn_kernel_cpu,68400,0,1,0,0,0,0,1,12070000
nn_kernel_gpu,298,1,1,0,0,0,0,1,12070000
nn_kernel_gpu_mem,23858,1,1,96560000,48280000,48280000,96560000,1,12070000
nn_kernel_cpu,68400,0,1,0,0,0,0,1,12070000
nn_kernel_gpu,298,1,1,0,0,0,0,1,12070000
nn_kernel_gpu_mem,23858,1,1,96560000,48280000,48280000,96560000,1,12070000
nn_kernel_cpu,67829,0,1,0,0,0,0,1,12080000
nn_kernel_gpu,313,1,1,0,0,0,0,1,12080000
nn_kernel_gpu_mem,23786,1,1,96640000,48320000,48320000,96640000,1,12080000
nn_kernel_cpu,85732,0,1,0,0,0,0,1,12090000
nn_kernel_gpu,329,1,1,0,0,0,0,1,12090000
nn_kernel_gpu_mem,23864,1,1,96720000,48360000,48360000,96720000,1,12090000
nn_kernel_cpu,67916,0,1,0,0,0,0,1,12100000
nn_kernel_gpu,307,1,1,0,0,0,0,1,12100000
nn_kernel_gpu_mem,24042,1,1,96800000,48400000,48400000,96800000,1,12100000
nn_kernel_cpu,67916,0,1,0,0,0,0,1,12100000
nn_kernel_gpu,307,1,1,0,0,0,0,1,12100000
nn_kernel_gpu_mem,24042,1,1,96800000,48400000,48400000,96800000,1,12100000
nn_kernel_cpu,67828,0,1,0,0,0,0,1,12110000
nn_kernel_gpu,316,1,1,0,0,0,0,1,12110000
nn_kernel_gpu_mem,23670,1,1,96880000,48440000,48440000,96880000,1,12110000
nn_kernel_cpu,67828,0,1,0,0,0,0,1,12110000
nn_kernel_gpu,316,1,1,0,0,0,0,1,12110000
nn_kernel_gpu_mem,23670,1,1,96880000,48440000,48440000,96880000,1,12110000
nn_kernel_cpu,72374,0,1,0,0,0,0,1,12120000
nn_kernel_gpu,313,1,1,0,0,0,0,1,12120000
nn_kernel_gpu_mem,23868,1,1,96960000,48480000,48480000,96960000,1,12120000
nn_kernel_cpu,72374,0,1,0,0,0,0,1,12120000
nn_kernel_gpu,313,1,1,0,0,0,0,1,12120000
nn_kernel_gpu_mem,23868,1,1,96960000,48480000,48480000,96960000,1,12120000
nn_kernel_cpu,72374,0,1,0,0,0,0,1,12120000
nn_kernel_gpu,313,1,1,0,0,0,0,1,12120000
nn_kernel_gpu_mem,23868,1,1,96960000,48480000,48480000,96960000,1,12120000
nn_kernel_cpu,72374,0,1,0,0,0,0,1,12120000
nn_kernel_gpu,313,1,1,0,0,0,0,1,12120000
nn_kernel_gpu_mem,23868,1,1,96960000,48480000,48480000,96960000,1,12120000
nn_kernel_cpu,72374,0,1,0,0,0,0,1,12120000
nn_kernel_gpu,313,1,1,0,0,0,0,1,12120000
nn_kernel_gpu_mem,23868,1,1,96960000,48480000,48480000,96960000,1,12120000
nn_kernel_cpu,67903,0,1,0,0,0,0,1,12130000
nn_kernel_gpu,314,1,1,0,0,0,0,1,12130000
nn_kernel_gpu_mem,23868,1,1,97040000,48520000,48520000,97040000,1,12130000
nn_kernel_cpu,67751,0,1,0,0,0,0,1,12140000
nn_kernel_gpu,333,1,1,0,0,0,0,1,12140000
nn_kernel_gpu_mem,23774,1,1,97120000,48560000,48560000,97120000,1,12140000
nn_kernel_cpu,79459,0,1,0,0,0,0,1,12150000
nn_kernel_gpu,336,1,1,0,0,0,0,1,12150000
nn_kernel_gpu_mem,24205,1,1,97200000,48600000,48600000,97200000,1,12150000
nn_kernel_cpu,79459,0,1,0,0,0,0,1,12150000
nn_kernel_gpu,336,1,1,0,0,0,0,1,12150000
nn_kernel_gpu_mem,24205,1,1,97200000,48600000,48600000,97200000,1,12150000
nn_kernel_cpu,67605,0,1,0,0,0,0,1,12160000
nn_kernel_gpu,320,1,1,0,0,0,0,1,12160000
nn_kernel_gpu_mem,24214,1,1,97280000,48640000,48640000,97280000,1,12160000
nn_kernel_cpu,67605,0,1,0,0,0,0,1,12160000
nn_kernel_gpu,320,1,1,0,0,0,0,1,12160000
nn_kernel_gpu_mem,24214,1,1,97280000,48640000,48640000,97280000,1,12160000
nn_kernel_cpu,67719,0,1,0,0,0,0,1,1220000
nn_kernel_gpu,141,1,1,0,0,0,0,1,1220000
nn_kernel_gpu_mem,4445,1,1,9760000,4880000,4880000,9760000,1,1220000
nn_kernel_cpu,68155,0,1,0,0,0,0,1,12170000
nn_kernel_gpu,304,1,1,0,0,0,0,1,12170000
nn_kernel_gpu_mem,24084,1,1,97360000,48680000,48680000,97360000,1,12170000
nn_kernel_cpu,68155,0,1,0,0,0,0,1,12170000
nn_kernel_gpu,304,1,1,0,0,0,0,1,12170000
nn_kernel_gpu_mem,24084,1,1,97360000,48680000,48680000,97360000,1,12170000
nn_kernel_cpu,68155,0,1,0,0,0,0,1,12170000
nn_kernel_gpu,304,1,1,0,0,0,0,1,12170000
nn_kernel_gpu_mem,24084,1,1,97360000,48680000,48680000,97360000,1,12170000
nn_kernel_cpu,68155,0,1,0,0,0,0,1,12170000
nn_kernel_gpu,304,1,1,0,0,0,0,1,12170000
nn_kernel_gpu_mem,24084,1,1,97360000,48680000,48680000,97360000,1,12170000
nn_kernel_cpu,68155,0,1,0,0,0,0,1,12170000
nn_kernel_gpu,304,1,1,0,0,0,0,1,12170000
nn_kernel_gpu_mem,24084,1,1,97360000,48680000,48680000,97360000,1,12170000
nn_kernel_cpu,67037,0,1,0,0,0,0,1,1220000
nn_kernel_gpu,145,1,1,0,0,0,0,1,1220000
nn_kernel_gpu_mem,4055,1,1,9760000,4880000,4880000,9760000,1,1220000
nn_kernel_cpu,67588,0,1,0,0,0,0,1,12180000
nn_kernel_gpu,315,1,1,0,0,0,0,1,12180000
nn_kernel_gpu_mem,23920,1,1,97440000,48720000,48720000,97440000,1,12180000
nn_kernel_cpu,67794,0,1,0,0,0,0,1,12190000
nn_kernel_gpu,334,1,1,0,0,0,0,1,12190000
nn_kernel_gpu_mem,23976,1,1,97520000,48760000,48760000,97520000,1,12190000
nn_kernel_cpu,68015,0,1,0,0,0,0,1,12200000
nn_kernel_gpu,314,1,1,0,0,0,0,1,12200000
nn_kernel_gpu_mem,24058,1,1,97600000,48800000,48800000,97600000,1,12200000
nn_kernel_cpu,68015,0,1,0,0,0,0,1,12200000
nn_kernel_gpu,314,1,1,0,0,0,0,1,12200000
nn_kernel_gpu_mem,24058,1,1,97600000,48800000,48800000,97600000,1,12200000
nn_kernel_cpu,68185,0,1,0,0,0,0,1,12210000
nn_kernel_gpu,325,1,1,0,0,0,0,1,12210000
nn_kernel_gpu_mem,23866,1,1,97680000,48840000,48840000,97680000,1,12210000
nn_kernel_cpu,68339,0,1,0,0,0,0,1,12220000
nn_kernel_gpu,321,1,1,0,0,0,0,1,12220000
nn_kernel_gpu_mem,24935,1,1,97760000,48880000,48880000,97760000,1,12220000
nn_kernel_cpu,68339,0,1,0,0,0,0,1,12220000
nn_kernel_gpu,321,1,1,0,0,0,0,1,12220000
nn_kernel_gpu_mem,24935,1,1,97760000,48880000,48880000,97760000,1,12220000
nn_kernel_cpu,68339,0,1,0,0,0,0,1,12220000
nn_kernel_gpu,321,1,1,0,0,0,0,1,12220000
nn_kernel_gpu_mem,24935,1,1,97760000,48880000,48880000,97760000,1,12220000
nn_kernel_cpu,68339,0,1,0,0,0,0,1,12220000
nn_kernel_gpu,321,1,1,0,0,0,0,1,12220000
nn_kernel_gpu_mem,24935,1,1,97760000,48880000,48880000,97760000,1,12220000
nn_kernel_cpu,68181,0,1,0,0,0,0,1,12230000
nn_kernel_gpu,320,1,1,0,0,0,0,1,12230000
nn_kernel_gpu_mem,24550,1,1,97840000,48920000,48920000,97840000,1,12230000
nn_kernel_cpu,67952,0,1,0,0,0,0,1,12240000
nn_kernel_gpu,317,1,1,0,0,0,0,1,12240000
nn_kernel_gpu_mem,24151,1,1,97920000,48960000,48960000,97920000,1,12240000
nn_kernel_cpu,68152,0,1,0,0,0,0,1,12220000
nn_kernel_gpu,299,1,1,0,0,0,0,1,12220000
nn_kernel_gpu_mem,22436,1,1,97760000,48880000,48880000,97760000,1,12220000
nn_kernel_cpu,67898,0,1,0,0,0,0,1,12250000
nn_kernel_gpu,333,1,1,0,0,0,0,1,12250000
nn_kernel_gpu_mem,24001,1,1,98000000,49000000,49000000,98000000,1,12250000
nn_kernel_cpu,68360,0,1,0,0,0,0,1,12260000
nn_kernel_gpu,336,1,1,0,0,0,0,1,12260000
nn_kernel_gpu_mem,24352,1,1,98080000,49040000,49040000,98080000,1,12260000
nn_kernel_cpu,68360,0,1,0,0,0,0,1,12260000
nn_kernel_gpu,336,1,1,0,0,0,0,1,12260000
nn_kernel_gpu_mem,24352,1,1,98080000,49040000,49040000,98080000,1,12260000
nn_kernel_cpu,67847,0,1,0,0,0,0,1,1230000
nn_kernel_gpu,129,1,1,0,0,0,0,1,1230000
nn_kernel_gpu_mem,3355,1,1,9840000,4920000,4920000,9840000,1,1230000
nn_kernel_cpu,67847,0,1,0,0,0,0,1,1230000
nn_kernel_gpu,129,1,1,0,0,0,0,1,1230000
nn_kernel_gpu_mem,3355,1,1,9840000,4920000,4920000,9840000,1,1230000
nn_kernel_cpu,67427,0,1,0,0,0,0,1,12280000
nn_kernel_gpu,317,1,1,0,0,0,0,1,12280000
nn_kernel_gpu_mem,24256,1,1,98240000,49120000,49120000,98240000,1,12280000
nn_kernel_cpu,67427,0,1,0,0,0,0,1,12280000
nn_kernel_gpu,317,1,1,0,0,0,0,1,12280000
nn_kernel_gpu_mem,24256,1,1,98240000,49120000,49120000,98240000,1,12280000
nn_kernel_cpu,67427,0,1,0,0,0,0,1,12280000
nn_kernel_gpu,317,1,1,0,0,0,0,1,12280000
nn_kernel_gpu_mem,24256,1,1,98240000,49120000,49120000,98240000,1,12280000
nn_kernel_cpu,67427,0,1,0,0,0,0,1,12280000
nn_kernel_gpu,317,1,1,0,0,0,0,1,12280000
nn_kernel_gpu_mem,24256,1,1,98240000,49120000,49120000,98240000,1,12280000
nn_kernel_cpu,68264,0,1,0,0,0,0,1,12300000
nn_kernel_gpu,315,1,1,0,0,0,0,1,12300000
nn_kernel_gpu_mem,24189,1,1,98400000,49200000,49200000,98400000,1,12300000
nn_kernel_cpu,68190,0,1,0,0,0,0,1,12270000
nn_kernel_gpu,315,1,1,0,0,0,0,1,12270000
nn_kernel_gpu_mem,22314,1,1,98160000,49080000,49080000,98160000,1,12270000
nn_kernel_cpu,68128,0,1,0,0,0,0,1,12290000
nn_kernel_gpu,321,1,1,0,0,0,0,1,12290000
nn_kernel_gpu_mem,22737,1,1,98320000,49160000,49160000,98320000,1,12290000
nn_kernel_cpu,68002,0,1,0,0,0,0,1,12310000
nn_kernel_gpu,332,1,1,0,0,0,0,1,12310000
nn_kernel_gpu_mem,24218,1,1,98480000,49240000,49240000,98480000,1,12310000
nn_kernel_cpu,68002,0,1,0,0,0,0,1,12310000
nn_kernel_gpu,332,1,1,0,0,0,0,1,12310000
nn_kernel_gpu_mem,24218,1,1,98480000,49240000,49240000,98480000,1,12310000
nn_kernel_cpu,68326,0,1,0,0,0,0,1,12320000
nn_kernel_gpu,300,1,1,0,0,0,0,1,12320000
nn_kernel_gpu_mem,24213,1,1,98560000,49280000,49280000,98560000,1,12320000
nn_kernel_cpu,68326,0,1,0,0,0,0,1,12320000
nn_kernel_gpu,300,1,1,0,0,0,0,1,12320000
nn_kernel_gpu_mem,24213,1,1,98560000,49280000,49280000,98560000,1,12320000
nn_kernel_cpu,67704,0,1,0,0,0,0,1,12330000
nn_kernel_gpu,316,1,1,0,0,0,0,1,12330000
nn_kernel_gpu_mem,24032,1,1,98640000,49320000,49320000,98640000,1,12330000
nn_kernel_cpu,67704,0,1,0,0,0,0,1,12330000
nn_kernel_gpu,316,1,1,0,0,0,0,1,12330000
nn_kernel_gpu_mem,24032,1,1,98640000,49320000,49320000,98640000,1,12330000
nn_kernel_cpu,67614,0,1,0,0,0,0,1,12340000
nn_kernel_gpu,321,1,1,0,0,0,0,1,12340000
nn_kernel_gpu_mem,23832,1,1,98720000,49360000,49360000,98720000,1,12340000
nn_kernel_cpu,67926,0,1,0,0,0,0,1,12350000
nn_kernel_gpu,316,1,1,0,0,0,0,1,12350000
nn_kernel_gpu_mem,24089,1,1,98800000,49400000,49400000,98800000,1,12350000
nn_kernel_cpu,76534,0,1,0,0,0,0,1,12360000
nn_kernel_gpu,316,1,1,0,0,0,0,1,12360000
nn_kernel_gpu_mem,23662,1,1,98880000,49440000,49440000,98880000,1,12360000
nn_kernel_cpu,67705,0,1,0,0,0,0,1,12330000
nn_kernel_gpu,330,1,1,0,0,0,0,1,12330000
nn_kernel_gpu_mem,22649,1,1,98640000,49320000,49320000,98640000,1,12330000
nn_kernel_cpu,66997,0,1,0,0,0,0,1,1240000
nn_kernel_gpu,139,1,1,0,0,0,0,1,1240000
nn_kernel_gpu_mem,3331,1,1,9920000,4960000,4960000,9920000,1,1240000
nn_kernel_cpu,67519,0,1,0,0,0,0,1,12370000
nn_kernel_gpu,322,1,1,0,0,0,0,1,12370000
nn_kernel_gpu_mem,24083,1,1,98960000,49480000,49480000,98960000,1,12370000
nn_kernel_cpu,68637,0,1,0,0,0,0,1,12380000
nn_kernel_gpu,337,1,1,0,0,0,0,1,12380000
nn_kernel_gpu_mem,24083,1,1,99040000,49520000,49520000,99040000,1,12380000
nn_kernel_cpu,68637,0,1,0,0,0,0,1,12380000
nn_kernel_gpu,337,1,1,0,0,0,0,1,12380000
nn_kernel_gpu_mem,24083,1,1,99040000,49520000,49520000,99040000,1,12380000
nn_kernel_cpu,67980,0,1,0,0,0,0,1,12390000
nn_kernel_gpu,295,1,1,0,0,0,0,1,12390000
nn_kernel_gpu_mem,24019,1,1,99120000,49560000,49560000,99120000,1,12390000
nn_kernel_cpu,67980,0,1,0,0,0,0,1,12390000
nn_kernel_gpu,295,1,1,0,0,0,0,1,12390000
nn_kernel_gpu_mem,24019,1,1,99120000,49560000,49560000,99120000,1,12390000
nn_kernel_cpu,67615,0,1,0,0,0,0,1,12400000
nn_kernel_gpu,424,1,1,0,0,0,0,1,12400000
nn_kernel_gpu_mem,23925,1,1,99200000,49600000,49600000,99200000,1,12400000
nn_kernel_cpu,67615,0,1,0,0,0,0,1,12400000
nn_kernel_gpu,424,1,1,0,0,0,0,1,12400000
nn_kernel_gpu_mem,23925,1,1,99200000,49600000,49600000,99200000,1,12400000
nn_kernel_cpu,67615,0,1,0,0,0,0,1,12400000
nn_kernel_gpu,424,1,1,0,0,0,0,1,12400000
nn_kernel_gpu_mem,23925,1,1,99200000,49600000,49600000,99200000,1,12400000
nn_kernel_cpu,67695,0,1,0,0,0,0,1,12410000
nn_kernel_gpu,316,1,1,0,0,0,0,1,12410000
nn_kernel_gpu_mem,23604,1,1,99280000,49640000,49640000,99280000,1,12410000
nn_kernel_cpu,67989,0,1,0,0,0,0,1,12420000
nn_kernel_gpu,318,1,1,0,0,0,0,1,12420000
nn_kernel_gpu_mem,23965,1,1,99360000,49680000,49680000,99360000,1,12420000
nn_kernel_cpu,67989,0,1,0,0,0,0,1,12420000
nn_kernel_gpu,318,1,1,0,0,0,0,1,12420000
nn_kernel_gpu_mem,23965,1,1,99360000,49680000,49680000,99360000,1,12420000
nn_kernel_cpu,70619,0,1,0,0,0,0,1,12430000
nn_kernel_gpu,317,1,1,0,0,0,0,1,12430000
nn_kernel_gpu_mem,24011,1,1,99440000,49720000,49720000,99440000,1,12430000
nn_kernel_cpu,68894,0,1,0,0,0,0,1,12440000
nn_kernel_gpu,336,1,1,0,0,0,0,1,12440000
nn_kernel_gpu_mem,23957,1,1,99520000,49760000,49760000,99520000,1,12440000
nn_kernel_cpu,68894,0,1,0,0,0,0,1,12440000
nn_kernel_gpu,336,1,1,0,0,0,0,1,12440000
nn_kernel_gpu_mem,23957,1,1,99520000,49760000,49760000,99520000,1,12440000
nn_kernel_cpu,68574,0,1,0,0,0,0,1,12450000
nn_kernel_gpu,307,1,1,0,0,0,0,1,12450000
nn_kernel_gpu_mem,24464,1,1,99600000,49800000,49800000,99600000,1,12450000
nn_kernel_cpu,68574,0,1,0,0,0,0,1,12450000
nn_kernel_gpu,307,1,1,0,0,0,0,1,12450000
nn_kernel_gpu_mem,24464,1,1,99600000,49800000,49800000,99600000,1,12450000
nn_kernel_cpu,66963,0,1,0,0,0,0,1,1250000
nn_kernel_gpu,133,1,1,0,0,0,0,1,1250000
nn_kernel_gpu_mem,3345,1,1,10000000,5000000,5000000,10000000,1,1250000
nn_kernel_cpu,66963,0,1,0,0,0,0,1,1250000
nn_kernel_gpu,133,1,1,0,0,0,0,1,1250000
nn_kernel_gpu_mem,3345,1,1,10000000,5000000,5000000,10000000,1,1250000
nn_kernel_cpu,66963,0,1,0,0,0,0,1,1250000
nn_kernel_gpu,133,1,1,0,0,0,0,1,1250000
nn_kernel_gpu_mem,3345,1,1,10000000,5000000,5000000,10000000,1,1250000
nn_kernel_cpu,61039,0,1,0,0,0,0,1,1260000
nn_kernel_gpu,163,1,1,0,0,0,0,1,1260000
nn_kernel_gpu_mem,4423,1,1,10080000,5040000,5040000,10080000,1,1260000
nn_kernel_cpu,68143,0,1,0,0,0,0,1,12460000
nn_kernel_gpu,321,1,1,0,0,0,0,1,12460000
nn_kernel_gpu_mem,23852,1,1,99680000,49840000,49840000,99680000,1,12460000
nn_kernel_cpu,68143,0,1,0,0,0,0,1,12460000
nn_kernel_gpu,321,1,1,0,0,0,0,1,12460000
nn_kernel_gpu_mem,23852,1,1,99680000,49840000,49840000,99680000,1,12460000
nn_kernel_cpu,68143,0,1,0,0,0,0,1,12460000
nn_kernel_gpu,321,1,1,0,0,0,0,1,12460000
nn_kernel_gpu_mem,23852,1,1,99680000,49840000,49840000,99680000,1,12460000
nn_kernel_cpu,67694,0,1,0,0,0,0,1,1270000
nn_kernel_gpu,153,1,1,0,0,0,0,1,1270000
nn_kernel_gpu_mem,4215,1,1,10160000,5080000,5080000,10160000,1,1270000
nn_kernel_cpu,67693,0,1,0,0,0,0,1,12470000
nn_kernel_gpu,315,1,1,0,0,0,0,1,12470000
nn_kernel_gpu_mem,23421,1,1,99760000,49880000,49880000,99760000,1,12470000
nn_kernel_cpu,68299,0,1,0,0,0,0,1,12480000
nn_kernel_gpu,321,1,1,0,0,0,0,1,12480000
nn_kernel_gpu_mem,23711,1,1,99840000,49920000,49920000,99840000,1,12480000
nn_kernel_cpu,68299,0,1,0,0,0,0,1,12480000
nn_kernel_gpu,321,1,1,0,0,0,0,1,12480000
nn_kernel_gpu_mem,23711,1,1,99840000,49920000,49920000,99840000,1,12480000
nn_kernel_cpu,68139,0,1,0,0,0,0,1,1280000
nn_kernel_gpu,163,1,1,0,0,0,0,1,1280000
nn_kernel_gpu_mem,4192,1,1,10240000,5120000,5120000,10240000,1,1280000
nn_kernel_cpu,67410,0,1,0,0,0,0,1,12490000
nn_kernel_gpu,321,1,1,0,0,0,0,1,12490000
nn_kernel_gpu_mem,23845,1,1,99920000,49960000,49960000,99920000,1,12490000
nn_kernel_cpu,67995,0,1,0,0,0,0,1,12500000
nn_kernel_gpu,320,1,1,0,0,0,0,1,12500000
nn_kernel_gpu_mem,23940,1,1,100000000,50000000,50000000,100000000,1,12500000
nn_kernel_cpu,66648,0,1,0,0,0,0,1,1290000
nn_kernel_gpu,156,1,1,0,0,0,0,1,1290000
nn_kernel_gpu_mem,3389,1,1,10320000,5160000,5160000,10320000,1,1290000
nn_kernel_cpu,67779,0,1,0,0,0,0,1,12510000
nn_kernel_gpu,303,1,1,0,0,0,0,1,12510000
nn_kernel_gpu_mem,23908,1,1,100080000,50040000,50040000,100080000,1,12510000
nn_kernel_cpu,67779,0,1,0,0,0,0,1,12510000
nn_kernel_gpu,303,1,1,0,0,0,0,1,12510000
nn_kernel_gpu_mem,23908,1,1,100080000,50040000,50040000,100080000,1,12510000
nn_kernel_cpu,68059,0,1,0,0,0,0,1,1300000
nn_kernel_gpu,156,1,1,0,0,0,0,1,1300000
nn_kernel_gpu_mem,4241,1,1,10400000,5200000,5200000,10400000,1,1300000
nn_kernel_cpu,67800,0,1,0,0,0,0,1,130000
nn_kernel_gpu,71,1,1,0,0,0,0,1,130000
nn_kernel_gpu_mem,918,1,1,1040000,520000,520000,1040000,1,130000
nn_kernel_cpu,67779,0,1,0,0,0,0,1,12520000
nn_kernel_gpu,319,1,1,0,0,0,0,1,12520000
nn_kernel_gpu_mem,23737,1,1,100160000,50080000,50080000,100160000,1,12520000
nn_kernel_cpu,67779,0,1,0,0,0,0,1,12520000
nn_kernel_gpu,319,1,1,0,0,0,0,1,12520000
nn_kernel_gpu_mem,23737,1,1,100160000,50080000,50080000,100160000,1,12520000
nn_kernel_cpu,67779,0,1,0,0,0,0,1,12520000
nn_kernel_gpu,319,1,1,0,0,0,0,1,12520000
nn_kernel_gpu_mem,23737,1,1,100160000,50080000,50080000,100160000,1,12520000
nn_kernel_cpu,66739,0,1,0,0,0,0,1,1310000
nn_kernel_gpu,157,1,1,0,0,0,0,1,1310000
nn_kernel_gpu_mem,3517,1,1,10480000,5240000,5240000,10480000,1,1310000
nn_kernel_cpu,68524,0,1,0,0,0,0,1,12530000
nn_kernel_gpu,324,1,1,0,0,0,0,1,12530000
nn_kernel_gpu_mem,23497,1,1,100240000,50120000,50120000,100240000,1,12530000
nn_kernel_cpu,67391,0,1,0,0,0,0,1,1320000
nn_kernel_gpu,165,1,1,0,0,0,0,1,1320000
nn_kernel_gpu_mem,4398,1,1,10560000,5280000,5280000,10560000,1,1320000
nn_kernel_cpu,68145,0,1,0,0,0,0,1,12540000
nn_kernel_gpu,303,1,1,0,0,0,0,1,12540000
nn_kernel_gpu_mem,23661,1,1,100320000,50160000,50160000,100320000,1,12540000
nn_kernel_cpu,68145,0,1,0,0,0,0,1,12540000
nn_kernel_gpu,303,1,1,0,0,0,0,1,12540000
nn_kernel_gpu_mem,23661,1,1,100320000,50160000,50160000,100320000,1,12540000
nn_kernel_cpu,67963,0,1,0,0,0,0,1,12550000
nn_kernel_gpu,322,1,1,0,0,0,0,1,12550000
nn_kernel_gpu_mem,23957,1,1,100400000,50200000,50200000,100400000,1,12550000
nn_kernel_cpu,67226,0,1,0,0,0,0,1,1330000
nn_kernel_gpu,154,1,1,0,0,0,0,1,1330000
nn_kernel_gpu_mem,4220,1,1,10640000,5320000,5320000,10640000,1,1330000
nn_kernel_cpu,92215,0,1,0,0,0,0,1,12560000
nn_kernel_gpu,323,1,1,0,0,0,0,1,12560000
nn_kernel_gpu_mem,24129,1,1,100480000,50240000,50240000,100480000,1,12560000
nn_kernel_cpu,67809,0,1,0,0,0,0,1,1340000
nn_kernel_gpu,134,1,1,0,0,0,0,1,1340000
nn_kernel_gpu_mem,4452,1,1,10720000,5360000,5360000,10720000,1,1340000
nn_kernel_cpu,68231,0,1,0,0,0,0,1,12570000
nn_kernel_gpu,337,1,1,0,0,0,0,1,12570000
nn_kernel_gpu_mem,23909,1,1,100560000,50280000,50280000,100560000,1,12570000
nn_kernel_cpu,68231,0,1,0,0,0,0,1,12570000
nn_kernel_gpu,337,1,1,0,0,0,0,1,12570000
nn_kernel_gpu_mem,23909,1,1,100560000,50280000,50280000,100560000,1,12570000
nn_kernel_cpu,67018,0,1,0,0,0,0,1,1350000
nn_kernel_gpu,155,1,1,0,0,0,0,1,1350000
nn_kernel_gpu_mem,3568,1,1,10800000,5400000,5400000,10800000,1,1350000
nn_kernel_cpu,69524,0,1,0,0,0,0,1,12580000
nn_kernel_gpu,320,1,1,0,0,0,0,1,12580000
nn_kernel_gpu_mem,24078,1,1,100640000,50320000,50320000,100640000,1,12580000
nn_kernel_cpu,69524,0,1,0,0,0,0,1,12580000
nn_kernel_gpu,320,1,1,0,0,0,0,1,12580000
nn_kernel_gpu_mem,24078,1,1,100640000,50320000,50320000,100640000,1,12580000
nn_kernel_cpu,69524,0,1,0,0,0,0,1,12580000
nn_kernel_gpu,320,1,1,0,0,0,0,1,12580000
nn_kernel_gpu_mem,24078,1,1,100640000,50320000,50320000,100640000,1,12580000
nn_kernel_cpu,67544,0,1,0,0,0,0,1,1360000
nn_kernel_gpu,158,1,1,0,0,0,0,1,1360000
nn_kernel_gpu_mem,3483,1,1,10880000,5440000,5440000,10880000,1,1360000
nn_kernel_cpu,67818,0,1,0,0,0,0,1,1370000
nn_kernel_gpu,155,1,1,0,0,0,0,1,1370000
nn_kernel_gpu_mem,4374,1,1,10960000,5480000,5480000,10960000,1,1370000
nn_kernel_cpu,67913,0,1,0,0,0,0,1,12600000
nn_kernel_gpu,306,1,1,0,0,0,0,1,12600000
nn_kernel_gpu_mem,23926,1,1,100800000,50400000,50400000,100800000,1,12600000
nn_kernel_cpu,67913,0,1,0,0,0,0,1,12600000
nn_kernel_gpu,306,1,1,0,0,0,0,1,12600000
nn_kernel_gpu_mem,23926,1,1,100800000,50400000,50400000,100800000,1,12600000
nn_kernel_cpu,68058,0,1,0,0,0,0,1,12610000
nn_kernel_gpu,322,1,1,0,0,0,0,1,12610000
nn_kernel_gpu_mem,24277,1,1,100880000,50440000,50440000,100880000,1,12610000
nn_kernel_cpu,67119,0,1,0,0,0,0,1,1380000
nn_kernel_gpu,159,1,1,0,0,0,0,1,1380000
nn_kernel_gpu_mem,4451,1,1,11040000,5520000,5520000,11040000,1,1380000
nn_kernel_cpu,68041,0,1,0,0,0,0,1,12620000
nn_kernel_gpu,319,1,1,0,0,0,0,1,12620000
nn_kernel_gpu_mem,24264,1,1,100960000,50480000,50480000,100960000,1,12620000
nn_kernel_cpu,68219,0,1,0,0,0,0,1,12590000
nn_kernel_gpu,320,1,1,0,0,0,0,1,12590000
nn_kernel_gpu_mem,24275,1,1,100720000,50360000,50360000,100720000,1,12590000
nn_kernel_cpu,66897,0,1,0,0,0,0,1,1390000
nn_kernel_gpu,157,1,1,0,0,0,0,1,1390000
nn_kernel_gpu_mem,4582,1,1,11120000,5560000,5560000,11120000,1,1390000
nn_kernel_cpu,67681,0,1,0,0,0,0,1,12630000
nn_kernel_gpu,338,1,1,0,0,0,0,1,12630000
nn_kernel_gpu_mem,24436,1,1,101040000,50520000,50520000,101040000,1,12630000
nn_kernel_cpu,67681,0,1,0,0,0,0,1,12630000
nn_kernel_gpu,338,1,1,0,0,0,0,1,12630000
nn_kernel_gpu_mem,24436,1,1,101040000,50520000,50520000,101040000,1,12630000
nn_kernel_cpu,68330,0,1,0,0,0,0,1,1400000
nn_kernel_gpu,161,1,1,0,0,0,0,1,1400000
nn_kernel_gpu_mem,4537,1,1,11200000,5600000,5600000,11200000,1,1400000
nn_kernel_cpu,67849,0,1,0,0,0,0,1,12640000
nn_kernel_gpu,320,1,1,0,0,0,0,1,12640000
nn_kernel_gpu_mem,24277,1,1,101120000,50560000,50560000,101120000,1,12640000
nn_kernel_cpu,67849,0,1,0,0,0,0,1,12640000
nn_kernel_gpu,320,1,1,0,0,0,0,1,12640000
nn_kernel_gpu_mem,24277,1,1,101120000,50560000,50560000,101120000,1,12640000
nn_kernel_cpu,67849,0,1,0,0,0,0,1,12640000
nn_kernel_gpu,320,1,1,0,0,0,0,1,12640000
nn_kernel_gpu_mem,24277,1,1,101120000,50560000,50560000,101120000,1,12640000
nn_kernel_cpu,67567,0,1,0,0,0,0,1,140000
nn_kernel_gpu,71,1,1,0,0,0,0,1,140000
nn_kernel_gpu_mem,876,1,1,1120000,560000,560000,1120000,1,140000
nn_kernel_cpu,66429,0,1,0,0,0,0,1,1410000
nn_kernel_gpu,175,1,1,0,0,0,0,1,1410000
nn_kernel_gpu_mem,4312,1,1,11280000,5640000,5640000,11280000,1,1410000
nn_kernel_cpu,68209,0,1,0,0,0,0,1,12650000
nn_kernel_gpu,308,1,1,0,0,0,0,1,12650000
nn_kernel_gpu_mem,23715,1,1,101200000,50600000,50600000,101200000,1,12650000
nn_kernel_cpu,68209,0,1,0,0,0,0,1,12650000
nn_kernel_gpu,308,1,1,0,0,0,0,1,12650000
nn_kernel_gpu_mem,23715,1,1,101200000,50600000,50600000,101200000,1,12650000
nn_kernel_cpu,67527,0,1,0,0,0,0,1,1420000
nn_kernel_gpu,160,1,1,0,0,0,0,1,1420000
nn_kernel_gpu_mem,4532,1,1,11360000,5680000,5680000,11360000,1,1420000
nn_kernel_cpu,67935,0,1,0,0,0,0,1,12660000
nn_kernel_gpu,322,1,1,0,0,0,0,1,12660000
nn_kernel_gpu_mem,23925,1,1,101280000,50640000,50640000,101280000,1,12660000
nn_kernel_cpu,67843,0,1,0,0,0,0,1,12670000
nn_kernel_gpu,322,1,1,0,0,0,0,1,12670000
nn_kernel_gpu_mem,23943,1,1,101360000,50680000,50680000,101360000,1,12670000
nn_kernel_cpu,67273,0,1,0,0,0,0,1,1430000
nn_kernel_gpu,161,1,1,0,0,0,0,1,1430000
nn_kernel_gpu_mem,4302,1,1,11440000,5720000,5720000,11440000,1,1430000
nn_kernel_cpu,67888,0,1,0,0,0,0,1,12680000
nn_kernel_gpu,321,1,1,0,0,0,0,1,12680000
nn_kernel_gpu_mem,23710,1,1,101440000,50720000,50720000,101440000,1,12680000
nn_kernel_cpu,67550,0,1,0,0,0,0,1,12690000
nn_kernel_gpu,340,1,1,0,0,0,0,1,12690000
nn_kernel_gpu_mem,23741,1,1,101520000,50760000,50760000,101520000,1,12690000
nn_kernel_cpu,67550,0,1,0,0,0,0,1,12690000
nn_kernel_gpu,340,1,1,0,0,0,0,1,12690000
nn_kernel_gpu_mem,23741,1,1,101520000,50760000,50760000,101520000,1,12690000
nn_kernel_cpu,67638,0,1,0,0,0,0,1,1440000
nn_kernel_gpu,159,1,1,0,0,0,0,1,1440000
nn_kernel_gpu_mem,4455,1,1,11520000,5760000,5760000,11520000,1,1440000
nn_kernel_cpu,68355,0,1,0,0,0,0,1,12700000
nn_kernel_gpu,324,1,1,0,0,0,0,1,12700000
nn_kernel_gpu_mem,23791,1,1,101600000,50800000,50800000,101600000,1,12700000
nn_kernel_cpu,68355,0,1,0,0,0,0,1,12700000
nn_kernel_gpu,324,1,1,0,0,0,0,1,12700000
nn_kernel_gpu_mem,23791,1,1,101600000,50800000,50800000,101600000,1,12700000
nn_kernel_cpu,68355,0,1,0,0,0,0,1,12700000
nn_kernel_gpu,324,1,1,0,0,0,0,1,12700000
nn_kernel_gpu_mem,23791,1,1,101600000,50800000,50800000,101600000,1,12700000
nn_kernel_cpu,67524,0,1,0,0,0,0,1,1450000
nn_kernel_gpu,163,1,1,0,0,0,0,1,1450000
nn_kernel_gpu_mem,4650,1,1,11600000,5800000,5800000,11600000,1,1450000
nn_kernel_cpu,67478,0,1,0,0,0,0,1,1460000
nn_kernel_gpu,103,1,1,0,0,0,0,1,1460000
nn_kernel_gpu_mem,4873,1,1,11680000,5840000,5840000,11680000,1,1460000
nn_kernel_cpu,68179,0,1,0,0,0,0,1,12710000
nn_kernel_gpu,307,1,1,0,0,0,0,1,12710000
nn_kernel_gpu_mem,23741,1,1,101680000,50840000,50840000,101680000,1,12710000
nn_kernel_cpu,68179,0,1,0,0,0,0,1,12710000
nn_kernel_gpu,307,1,1,0,0,0,0,1,12710000
nn_kernel_gpu_mem,23741,1,1,101680000,50840000,50840000,101680000,1,12710000
nn_kernel_cpu,67905,0,1,0,0,0,0,1,12720000
nn_kernel_gpu,324,1,1,0,0,0,0,1,12720000
nn_kernel_gpu_mem,23984,1,1,101760000,50880000,50880000,101760000,1,12720000
nn_kernel_cpu,67167,0,1,0,0,0,0,1,1470000
nn_kernel_gpu,158,1,1,0,0,0,0,1,1470000
nn_kernel_gpu_mem,4597,1,1,11760000,5880000,5880000,11760000,1,1470000
nn_kernel_cpu,68216,0,1,0,0,0,0,1,12730000
nn_kernel_gpu,322,1,1,0,0,0,0,1,12730000
nn_kernel_gpu_mem,24037,1,1,101840000,50920000,50920000,101840000,1,12730000
nn_kernel_cpu,67861,0,1,0,0,0,0,1,12740000
nn_kernel_gpu,402,1,1,0,0,0,0,1,12740000
nn_kernel_gpu_mem,23717,1,1,101920000,50960000,50960000,101920000,1,12740000
nn_kernel_cpu,67322,0,1,0,0,0,0,1,1480000
nn_kernel_gpu,158,1,1,0,0,0,0,1,1480000
nn_kernel_gpu_mem,4539,1,1,11840000,5920000,5920000,11840000,1,1480000
nn_kernel_cpu,68036,0,1,0,0,0,0,1,12750000
nn_kernel_gpu,340,1,1,0,0,0,0,1,12750000
nn_kernel_gpu_mem,23887,1,1,102000000,51000000,51000000,102000000,1,12750000
nn_kernel_cpu,68036,0,1,0,0,0,0,1,12750000
nn_kernel_gpu,340,1,1,0,0,0,0,1,12750000
nn_kernel_gpu_mem,23887,1,1,102000000,51000000,51000000,102000000,1,12750000
nn_kernel_cpu,67115,0,1,0,0,0,0,1,1490000
nn_kernel_gpu,162,1,1,0,0,0,0,1,1490000
nn_kernel_gpu_mem,4640,1,1,11920000,5960000,5960000,11920000,1,1490000
nn_kernel_cpu,68582,0,1,0,0,0,0,1,12760000
nn_kernel_gpu,325,1,1,0,0,0,0,1,12760000
nn_kernel_gpu_mem,23858,1,1,102080000,51040000,51040000,102080000,1,12760000
nn_kernel_cpu,68582,0,1,0,0,0,0,1,12760000
nn_kernel_gpu,325,1,1,0,0,0,0,1,12760000
nn_kernel_gpu_mem,23858,1,1,102080000,51040000,51040000,102080000,1,12760000
nn_kernel_cpu,68582,0,1,0,0,0,0,1,12760000
nn_kernel_gpu,325,1,1,0,0,0,0,1,12760000
nn_kernel_gpu_mem,23858,1,1,102080000,51040000,51040000,102080000,1,12760000
nn_kernel_cpu,66547,0,1,0,0,0,0,1,1500000
nn_kernel_gpu,159,1,1,0,0,0,0,1,1500000
nn_kernel_gpu_mem,4586,1,1,12000000,6000000,6000000,12000000,1,1500000
nn_kernel_cpu,67901,0,1,0,0,0,0,1,150000
nn_kernel_gpu,69,1,1,0,0,0,0,1,150000
nn_kernel_gpu_mem,879,1,1,1200000,600000,600000,1200000,1,150000
nn_kernel_cpu,67994,0,1,0,0,0,0,1,12770000
nn_kernel_gpu,309,1,1,0,0,0,0,1,12770000
nn_kernel_gpu_mem,23909,1,1,102160000,51080000,51080000,102160000,1,12770000
nn_kernel_cpu,67994,0,1,0,0,0,0,1,12770000
nn_kernel_gpu,309,1,1,0,0,0,0,1,12770000
nn_kernel_gpu_mem,23909,1,1,102160000,51080000,51080000,102160000,1,12770000
nn_kernel_cpu,66830,0,1,0,0,0,0,1,1510000
nn_kernel_gpu,160,1,1,0,0,0,0,1,1510000
nn_kernel_gpu_mem,4482,1,1,12080000,6040000,6040000,12080000,1,1510000
nn_kernel_cpu,67953,0,1,0,0,0,0,1,12780000
nn_kernel_gpu,324,1,1,0,0,0,0,1,12780000
nn_kernel_gpu_mem,24118,1,1,102240000,51120000,51120000,102240000,1,12780000
nn_kernel_cpu,76221,0,1,0,0,0,0,1,12790000
nn_kernel_gpu,323,1,1,0,0,0,0,1,12790000
nn_kernel_gpu_mem,24302,1,1,102320000,51160000,51160000,102320000,1,12790000
nn_kernel_cpu,67543,0,1,0,0,0,0,1,1520000
nn_kernel_gpu,101,1,1,0,0,0,0,1,1520000
nn_kernel_gpu_mem,4769,1,1,12160000,6080000,6080000,12160000,1,1520000
nn_kernel_cpu,68009,0,1,0,0,0,0,1,12800000
nn_kernel_gpu,324,1,1,0,0,0,0,1,12800000
nn_kernel_gpu_mem,23855,1,1,102400000,51200000,51200000,102400000,1,12800000
nn_kernel_cpu,67774,0,1,0,0,0,0,1,12810000
nn_kernel_gpu,405,1,1,0,0,0,0,1,12810000
nn_kernel_gpu_mem,24331,1,1,102480000,51240000,51240000,102480000,1,12810000
nn_kernel_cpu,67774,0,1,0,0,0,0,1,12810000
nn_kernel_gpu,405,1,1,0,0,0,0,1,12810000
nn_kernel_gpu_mem,24331,1,1,102480000,51240000,51240000,102480000,1,12810000
nn_kernel_cpu,66982,0,1,0,0,0,0,1,1530000
nn_kernel_gpu,102,1,1,0,0,0,0,1,1530000
nn_kernel_gpu_mem,4914,1,1,12240000,6120000,6120000,12240000,1,1530000
nn_kernel_cpu,67594,0,1,0,0,0,0,1,12820000
nn_kernel_gpu,323,1,1,0,0,0,0,1,12820000
nn_kernel_gpu_mem,24159,1,1,102560000,51280000,51280000,102560000,1,12820000
nn_kernel_cpu,67594,0,1,0,0,0,0,1,12820000
nn_kernel_gpu,323,1,1,0,0,0,0,1,12820000
nn_kernel_gpu_mem,24159,1,1,102560000,51280000,51280000,102560000,1,12820000
nn_kernel_cpu,67238,0,1,0,0,0,0,1,12830000
nn_kernel_gpu,324,1,1,0,0,0,0,1,12830000
nn_kernel_gpu_mem,24053,1,1,102640000,51320000,51320000,102640000,1,12830000
nn_kernel_cpu,67633,0,1,0,0,0,0,1,1540000
nn_kernel_gpu,158,1,1,0,0,0,0,1,1540000
nn_kernel_gpu_mem,4599,1,1,12320000,6160000,6160000,12320000,1,1540000
nn_kernel_cpu,67432,0,1,0,0,0,0,1,1550000
nn_kernel_gpu,159,1,1,0,0,0,0,1,1550000
nn_kernel_gpu_mem,4651,1,1,12400000,6200000,6200000,12400000,1,1550000
nn_kernel_cpu,68012,0,1,0,0,0,0,1,12840000
nn_kernel_gpu,307,1,1,0,0,0,0,1,12840000
nn_kernel_gpu_mem,23997,1,1,102720000,51360000,51360000,102720000,1,12840000
nn_kernel_cpu,67677,0,1,0,0,0,0,1,12850000
nn_kernel_gpu,332,1,1,0,0,0,0,1,12850000
nn_kernel_gpu_mem,24549,1,1,102800000,51400000,51400000,102800000,1,12850000
nn_kernel_cpu,66054,0,1,0,0,0,0,1,1560000
nn_kernel_gpu,165,1,1,0,0,0,0,1,1560000
nn_kernel_gpu_mem,4787,1,1,12480000,6240000,6240000,12480000,1,1560000
nn_kernel_cpu,76112,0,1,0,0,0,0,1,12860000
nn_kernel_gpu,324,1,1,0,0,0,0,1,12860000
nn_kernel_gpu_mem,24327,1,1,102880000,51440000,51440000,102880000,1,12860000
nn_kernel_cpu,68440,0,1,0,0,0,0,1,12870000
nn_kernel_gpu,325,1,1,0,0,0,0,1,12870000
nn_kernel_gpu_mem,24116,1,1,102960000,51480000,51480000,102960000,1,12870000
nn_kernel_cpu,67694,0,1,0,0,0,0,1,1570000
nn_kernel_gpu,158,1,1,0,0,0,0,1,1570000
nn_kernel_gpu_mem,4452,1,1,12560000,6280000,6280000,12560000,1,1570000
nn_kernel_cpu,67639,0,1,0,0,0,0,1,12840000
nn_kernel_gpu,323,1,1,0,0,0,0,1,12840000
nn_kernel_gpu_mem,24816,1,1,102720000,51360000,51360000,102720000,1,12840000
nn_kernel_cpu,69230,0,1,0,0,0,0,1,12880000
nn_kernel_gpu,344,1,1,0,0,0,0,1,12880000
nn_kernel_gpu_mem,24103,1,1,103040000,51520000,51520000,103040000,1,12880000
nn_kernel_cpu,69230,0,1,0,0,0,0,1,12880000
nn_kernel_gpu,344,1,1,0,0,0,0,1,12880000
nn_kernel_gpu_mem,24103,1,1,103040000,51520000,51520000,103040000,1,12880000
nn_kernel_cpu,67037,0,1,0,0,0,0,1,1580000
nn_kernel_gpu,99,1,1,0,0,0,0,1,1580000
nn_kernel_gpu_mem,5097,1,1,12640000,6320000,6320000,12640000,1,1580000
nn_kernel_cpu,68175,0,1,0,0,0,0,1,12890000
nn_kernel_gpu,328,1,1,0,0,0,0,1,12890000
nn_kernel_gpu_mem,24509,1,1,103120000,51560000,51560000,103120000,1,12890000
nn_kernel_cpu,68292,0,1,0,0,0,0,1,12900000
nn_kernel_gpu,326,1,1,0,0,0,0,1,12900000
nn_kernel_gpu_mem,24139,1,1,103200000,51600000,51600000,103200000,1,12900000
nn_kernel_cpu,67467,0,1,0,0,0,0,1,1590000
nn_kernel_gpu,162,1,1,0,0,0,0,1,1590000
nn_kernel_gpu_mem,5001,1,1,12720000,6360000,6360000,12720000,1,1590000
nn_kernel_cpu,66364,0,1,0,0,0,0,1,1600000
nn_kernel_gpu,166,1,1,0,0,0,0,1,1600000
nn_kernel_gpu_mem,4967,1,1,12800000,6400000,6400000,12800000,1,1600000
nn_kernel_cpu,67845,0,1,0,0,0,0,1,12890000
nn_kernel_gpu,329,1,1,0,0,0,0,1,12890000
nn_kernel_gpu_mem,27225,1,1,103120000,51560000,51560000,103120000,1,12890000
nn_kernel_cpu,71422,0,1,0,0,0,0,1,12910000
nn_kernel_gpu,312,1,1,0,0,0,0,1,12910000
nn_kernel_gpu_mem,24068,1,1,103280000,51640000,51640000,103280000,1,12910000
nn_kernel_cpu,66861,0,1,0,0,0,0,1,160000
nn_kernel_gpu,85,1,1,0,0,0,0,1,160000
nn_kernel_gpu_mem,949,1,1,1280000,640000,640000,1280000,1,160000
nn_kernel_cpu,68363,0,1,0,0,0,0,1,12920000
nn_kernel_gpu,327,1,1,0,0,0,0,1,12920000
nn_kernel_gpu_mem,24504,1,1,103360000,51680000,51680000,103360000,1,12920000
nn_kernel_cpu,68121,0,1,0,0,0,0,1,12930000
nn_kernel_gpu,325,1,1,0,0,0,0,1,12930000
nn_kernel_gpu_mem,24644,1,1,103440000,51720000,51720000,103440000,1,12930000
nn_kernel_cpu,67002,0,1,0,0,0,0,1,1610000
nn_kernel_gpu,170,1,1,0,0,0,0,1,1610000
nn_kernel_gpu_mem,5060,1,1,12880000,6440000,6440000,12880000,1,1610000
nn_kernel_cpu,67879,0,1,0,0,0,0,1,12940000
nn_kernel_gpu,324,1,1,0,0,0,0,1,12940000
nn_kernel_gpu_mem,24296,1,1,103520000,51760000,51760000,103520000,1,12940000
nn_kernel_cpu,67793,0,1,0,0,0,0,1,12950000
nn_kernel_gpu,326,1,1,0,0,0,0,1,12950000
nn_kernel_gpu_mem,24375,1,1,103600000,51800000,51800000,103600000,1,12950000
nn_kernel_cpu,67797,0,1,0,0,0,0,1,12960000
nn_kernel_gpu,344,1,1,0,0,0,0,1,12960000
nn_kernel_gpu_mem,24289,1,1,103680000,51840000,51840000,103680000,1,12960000
nn_kernel_cpu,68087,0,1,0,0,0,0,1,1620000
nn_kernel_gpu,160,1,1,0,0,0,0,1,1620000
nn_kernel_gpu_mem,4931,1,1,12960000,6480000,6480000,12960000,1,1620000
nn_kernel_cpu,67942,0,1,0,0,0,0,1,12970000
nn_kernel_gpu,329,1,1,0,0,0,0,1,12970000
nn_kernel_gpu_mem,24061,1,1,103760000,51880000,51880000,103760000,1,12970000
nn_kernel_cpu,67942,0,1,0,0,0,0,1,12970000
nn_kernel_gpu,329,1,1,0,0,0,0,1,12970000
nn_kernel_gpu_mem,24061,1,1,103760000,51880000,51880000,103760000,1,12970000
nn_kernel_cpu,67483,0,1,0,0,0,0,1,12960000
nn_kernel_gpu,307,1,1,0,0,0,0,1,12960000
nn_kernel_gpu_mem,27052,1,1,103680000,51840000,51840000,103680000,1,12960000
nn_kernel_cpu,67486,0,1,0,0,0,0,1,1630000
nn_kernel_gpu,107,1,1,0,0,0,0,1,1630000
nn_kernel_gpu_mem,5061,1,1,13040000,6520000,6520000,13040000,1,1630000
nn_kernel_cpu,68497,0,1,0,0,0,0,1,1640000
nn_kernel_gpu,162,1,1,0,0,0,0,1,1640000
nn_kernel_gpu_mem,3873,1,1,13120000,6560000,6560000,13120000,1,1640000
nn_kernel_cpu,67757,0,1,0,0,0,0,1,12980000
nn_kernel_gpu,327,1,1,0,0,0,0,1,12980000
nn_kernel_gpu_mem,24502,1,1,103840000,51920000,51920000,103840000,1,12980000
nn_kernel_cpu,68135,0,1,0,0,0,0,1,12990000
nn_kernel_gpu,311,1,1,0,0,0,0,1,12990000
nn_kernel_gpu_mem,24324,1,1,103920000,51960000,51960000,103920000,1,12990000
nn_kernel_cpu,69644,0,1,0,0,0,0,1,13000000
nn_kernel_gpu,332,1,1,0,0,0,0,1,13000000
nn_kernel_gpu_mem,24617,1,1,104000000,52000000,52000000,104000000,1,13000000
nn_kernel_cpu,66280,0,1,0,0,0,0,1,1650000
nn_kernel_gpu,169,1,1,0,0,0,0,1,1650000
nn_kernel_gpu_mem,5119,1,1,13200000,6600000,6600000,13200000,1,1650000
nn_kernel_cpu,68426,0,1,0,0,0,0,1,13010000
nn_kernel_gpu,324,1,1,0,0,0,0,1,13010000
nn_kernel_gpu_mem,24647,1,1,104080000,52040000,52040000,104080000,1,13010000
nn_kernel_cpu,68343,0,1,0,0,0,0,1,13020000
nn_kernel_gpu,323,1,1,0,0,0,0,1,13020000
nn_kernel_gpu_mem,24327,1,1,104160000,52080000,52080000,104160000,1,13020000
nn_kernel_cpu,67283,0,1,0,0,0,0,1,13030000
nn_kernel_gpu,325,1,1,0,0,0,0,1,13030000
nn_kernel_gpu_mem,24510,1,1,104240000,52120000,52120000,104240000,1,13030000
nn_kernel_cpu,67378,0,1,0,0,0,0,1,1660000
nn_kernel_gpu,106,1,1,0,0,0,0,1,1660000
nn_kernel_gpu_mem,5040,1,1,13280000,6640000,6640000,13280000,1,1660000
nn_kernel_cpu,68111,0,1,0,0,0,0,1,13040000
nn_kernel_gpu,343,1,1,0,0,0,0,1,13040000
nn_kernel_gpu_mem,24532,1,1,104320000,52160000,52160000,104320000,1,13040000
nn_kernel_cpu,67532,0,1,0,0,0,0,1,1670000
nn_kernel_gpu,102,1,1,0,0,0,0,1,1670000
nn_kernel_gpu_mem,5219,1,1,13360000,6680000,6680000,13360000,1,1670000
nn_kernel_cpu,44438,0,1,0,0,0,0,1,13050000
nn_kernel_gpu,327,1,1,0,0,0,0,1,13050000
nn_kernel_gpu_mem,24713,1,1,104400000,52200000,52200000,104400000,1,13050000
nn_kernel_cpu,44438,0,1,0,0,0,0,1,13050000
nn_kernel_gpu,327,1,1,0,0,0,0,1,13050000
nn_kernel_gpu_mem,24713,1,1,104400000,52200000,52200000,104400000,1,13050000
nn_kernel_cpu,67760,0,1,0,0,0,0,1,13060000
nn_kernel_gpu,309,1,1,0,0,0,0,1,13060000
nn_kernel_gpu_mem,24794,1,1,104480000,52240000,52240000,104480000,1,13060000
nn_kernel_cpu,66236,0,1,0,0,0,0,1,1680000
nn_kernel_gpu,107,1,1,0,0,0,0,1,1680000
nn_kernel_gpu_mem,5344,1,1,13440000,6720000,6720000,13440000,1,1680000
nn_kernel_cpu,68140,0,1,0,0,0,0,1,13070000
nn_kernel_gpu,326,1,1,0,0,0,0,1,13070000
nn_kernel_gpu_mem,24802,1,1,104560000,52280000,52280000,104560000,1,13070000
nn_kernel_cpu,68273,0,1,0,0,0,0,1,13080000
nn_kernel_gpu,312,1,1,0,0,0,0,1,13080000
nn_kernel_gpu_mem,24576,1,1,104640000,52320000,52320000,104640000,1,13080000
nn_kernel_cpu,75133,0,1,0,0,0,0,1,1690000
nn_kernel_gpu,109,1,1,0,0,0,0,1,1690000
nn_kernel_gpu_mem,5203,1,1,13520000,6760000,6760000,13520000,1,1690000
nn_kernel_cpu,68330,0,1,0,0,0,0,1,13090000
nn_kernel_gpu,333,1,1,0,0,0,0,1,13090000
nn_kernel_gpu_mem,24886,1,1,104720000,52360000,52360000,104720000,1,13090000
nn_kernel_cpu,68109,0,1,0,0,0,0,1,13100000
nn_kernel_gpu,333,1,1,0,0,0,0,1,13100000
nn_kernel_gpu_mem,24944,1,1,104800000,52400000,52400000,104800000,1,13100000
nn_kernel_cpu,67845,0,1,0,0,0,0,1,1700000
nn_kernel_gpu,163,1,1,0,0,0,0,1,1700000
nn_kernel_gpu_mem,5027,1,1,13600000,6800000,6800000,13600000,1,1700000
nn_kernel_cpu,68013,0,1,0,0,0,0,1,13110000
nn_kernel_gpu,329,1,1,0,0,0,0,1,13110000
nn_kernel_gpu_mem,24694,1,1,104880000,52440000,52440000,104880000,1,13110000
nn_kernel_cpu,92123,0,1,0,0,0,0,1,13120000
nn_kernel_gpu,327,1,1,0,0,0,0,1,13120000
nn_kernel_gpu_mem,24889,1,1,104960000,52480000,52480000,104960000,1,13120000
nn_kernel_cpu,67590,0,1,0,0,0,0,1,170000
nn_kernel_gpu,101,1,1,0,0,0,0,1,170000
nn_kernel_gpu_mem,910,1,1,1360000,680000,680000,1360000,1,170000
nn_kernel_cpu,67886,0,1,0,0,0,0,1,13130000
nn_kernel_gpu,349,1,1,0,0,0,0,1,13130000
nn_kernel_gpu_mem,24864,1,1,105040000,52520000,52520000,105040000,1,13130000
nn_kernel_cpu,67125,0,1,0,0,0,0,1,1710000
nn_kernel_gpu,163,1,1,0,0,0,0,1,1710000
nn_kernel_gpu_mem,36426,1,1,13680000,6840000,6840000,13680000,1,1710000
nn_kernel_cpu,67632,0,1,0,0,0,0,1,13140000
nn_kernel_gpu,330,1,1,0,0,0,0,1,13140000
nn_kernel_gpu_mem,24944,1,1,105120000,52560000,52560000,105120000,1,13140000
nn_kernel_cpu,67632,0,1,0,0,0,0,1,13140000
nn_kernel_gpu,330,1,1,0,0,0,0,1,13140000
nn_kernel_gpu_mem,24944,1,1,105120000,52560000,52560000,105120000,1,13140000
nn_kernel_cpu,67148,0,1,0,0,0,0,1,13150000
nn_kernel_gpu,313,1,1,0,0,0,0,1,13150000
nn_kernel_gpu_mem,25121,1,1,105200000,52600000,52600000,105200000,1,13150000
nn_kernel_cpu,66992,0,1,0,0,0,0,1,1720000
nn_kernel_gpu,109,1,1,0,0,0,0,1,1720000
nn_kernel_gpu_mem,5121,1,1,13760000,6880000,6880000,13760000,1,1720000
nn_kernel_cpu,68068,0,1,0,0,0,0,1,13160000
nn_kernel_gpu,329,1,1,0,0,0,0,1,13160000
nn_kernel_gpu_mem,24927,1,1,105280000,52640000,52640000,105280000,1,13160000
nn_kernel_cpu,67753,0,1,0,0,0,0,1,13170000
nn_kernel_gpu,312,1,1,0,0,0,0,1,13170000
nn_kernel_gpu_mem,24845,1,1,105360000,52680000,52680000,105360000,1,13170000
nn_kernel_cpu,67451,0,1,0,0,0,0,1,1730000
nn_kernel_gpu,167,1,1,0,0,0,0,1,1730000
nn_kernel_gpu_mem,5306,1,1,13840000,6920000,6920000,13840000,1,1730000
nn_kernel_cpu,68107,0,1,0,0,0,0,1,13180000
nn_kernel_gpu,328,1,1,0,0,0,0,1,13180000
nn_kernel_gpu_mem,25189,1,1,105440000,52720000,52720000,105440000,1,13180000
nn_kernel_cpu,68262,0,1,0,0,0,0,1,13190000
nn_kernel_gpu,327,1,1,0,0,0,0,1,13190000
nn_kernel_gpu_mem,25063,1,1,105520000,52760000,52760000,105520000,1,13190000
nn_kernel_cpu,67122,0,1,0,0,0,0,1,1740000
nn_kernel_gpu,109,1,1,0,0,0,0,1,1740000
nn_kernel_gpu_mem,5198,1,1,13920000,6960000,6960000,13920000,1,1740000
nn_kernel_cpu,67942,0,1,0,0,0,0,1,13200000
nn_kernel_gpu,326,1,1,0,0,0,0,1,13200000
nn_kernel_gpu_mem,24922,1,1,105600000,52800000,52800000,105600000,1,13200000
nn_kernel_cpu,67589,0,1,0,0,0,0,1,13210000
nn_kernel_gpu,330,1,1,0,0,0,0,1,13210000
nn_kernel_gpu_mem,25674,1,1,105680000,52840000,52840000,105680000,1,13210000
nn_kernel_cpu,67963,0,1,0,0,0,0,1,13220000
nn_kernel_gpu,387,1,1,0,0,0,0,1,13220000
nn_kernel_gpu_mem,25021,1,1,105760000,52880000,52880000,105760000,1,13220000
nn_kernel_cpu,66217,0,1,0,0,0,0,1,1750000
nn_kernel_gpu,116,1,1,0,0,0,0,1,1750000
nn_kernel_gpu_mem,5517,1,1,14000000,7000000,7000000,14000000,1,1750000
nn_kernel_cpu,67714,0,1,0,0,0,0,1,13230000
nn_kernel_gpu,328,1,1,0,0,0,0,1,13230000
nn_kernel_gpu_mem,49278,1,1,105840000,52920000,52920000,105840000,1,13230000
nn_kernel_cpu,67714,0,1,0,0,0,0,1,13230000
nn_kernel_gpu,328,1,1,0,0,0,0,1,13230000
nn_kernel_gpu_mem,49278,1,1,105840000,52920000,52920000,105840000,1,13230000
nn_kernel_cpu,67651,0,1,0,0,0,0,1,1760000
nn_kernel_gpu,106,1,1,0,0,0,0,1,1760000
nn_kernel_gpu_mem,5300,1,1,14080000,7040000,7040000,14080000,1,1760000
nn_kernel_cpu,67934,0,1,0,0,0,0,1,13240000
nn_kernel_gpu,314,1,1,0,0,0,0,1,13240000
nn_kernel_gpu_mem,25244,1,1,105920000,52960000,52960000,105920000,1,13240000
nn_kernel_cpu,67620,0,1,0,0,0,0,1,1770000
nn_kernel_gpu,165,1,1,0,0,0,0,1,1770000
nn_kernel_gpu_mem,5196,1,1,14160000,7080000,7080000,14160000,1,1770000
nn_kernel_cpu,68021,0,1,0,0,0,0,1,13250000
nn_kernel_gpu,328,1,1,0,0,0,0,1,13250000
nn_kernel_gpu_mem,25200,1,1,106000000,53000000,53000000,106000000,1,13250000
nn_kernel_cpu,68271,0,1,0,0,0,0,1,13260000
nn_kernel_gpu,321,1,1,0,0,0,0,1,13260000
nn_kernel_gpu_mem,25139,1,1,106080000,53040000,53040000,106080000,1,13260000
nn_kernel_cpu,67319,0,1,0,0,0,0,1,13270000
nn_kernel_gpu,330,1,1,0,0,0,0,1,13270000
nn_kernel_gpu_mem,25284,1,1,106160000,53080000,53080000,106160000,1,13270000
nn_kernel_cpu,67747,0,1,0,0,0,0,1,1780000
nn_kernel_gpu,113,1,1,0,0,0,0,1,1780000
nn_kernel_gpu_mem,5384,1,1,14240000,7120000,7120000,14240000,1,1780000
nn_kernel_cpu,68180,0,1,0,0,0,0,1,13280000
nn_kernel_gpu,329,1,1,0,0,0,0,1,13280000
nn_kernel_gpu_mem,25387,1,1,106240000,53120000,53120000,106240000,1,13280000
nn_kernel_cpu,68105,0,1,0,0,0,0,1,13290000
nn_kernel_gpu,327,1,1,0,0,0,0,1,13290000
nn_kernel_gpu_mem,24994,1,1,106320000,53160000,53160000,106320000,1,13290000
nn_kernel_cpu,67869,0,1,0,0,0,0,1,13300000
nn_kernel_gpu,331,1,1,0,0,0,0,1,13300000
nn_kernel_gpu_mem,25286,1,1,106400000,53200000,53200000,106400000,1,13300000
nn_kernel_cpu,67803,0,1,0,0,0,0,1,1790000
nn_kernel_gpu,132,1,1,0,0,0,0,1,1790000
nn_kernel_gpu_mem,5433,1,1,14320000,7160000,7160000,14320000,1,1790000
nn_kernel_cpu,67714,0,1,0,0,0,0,1,13310000
nn_kernel_gpu,347,1,1,0,0,0,0,1,13310000
nn_kernel_gpu_mem,25107,1,1,106480000,53240000,53240000,106480000,1,13310000
nn_kernel_cpu,66787,0,1,0,0,0,0,1,1800000
nn_kernel_gpu,166,1,1,0,0,0,0,1,1800000
nn_kernel_gpu_mem,5456,1,1,14400000,7200000,7200000,14400000,1,1800000
nn_kernel_cpu,68339,0,1,0,0,0,0,1,13320000
nn_kernel_gpu,331,1,1,0,0,0,0,1,13320000
nn_kernel_gpu_mem,25345,1,1,106560000,53280000,53280000,106560000,1,13320000
nn_kernel_cpu,67148,0,1,0,0,0,0,1,180000
nn_kernel_gpu,114,1,1,0,0,0,0,1,180000
nn_kernel_gpu_mem,1526,1,1,1440000,720000,720000,1440000,1,180000
nn_kernel_cpu,68339,0,1,0,0,0,0,1,13320000
nn_kernel_gpu,331,1,1,0,0,0,0,1,13320000
nn_kernel_gpu_mem,25345,1,1,106560000,53280000,53280000,106560000,1,13320000
nn_kernel_cpu,67971,0,1,0,0,0,0,1,13330000
nn_kernel_gpu,316,1,1,0,0,0,0,1,13330000
nn_kernel_gpu_mem,25470,1,1,106640000,53320000,53320000,106640000,1,13330000
nn_kernel_cpu,66545,0,1,0,0,0,0,1,1810000
nn_kernel_gpu,165,1,1,0,0,0,0,1,1810000
nn_kernel_gpu_mem,5245,1,1,14480000,7240000,7240000,14480000,1,1810000
nn_kernel_cpu,69258,0,1,0,0,0,0,1,13340000
nn_kernel_gpu,335,1,1,0,0,0,0,1,13340000
nn_kernel_gpu_mem,25361,1,1,106720000,53360000,53360000,106720000,1,13340000
nn_kernel_cpu,68839,0,1,0,0,0,0,1,13350000
nn_kernel_gpu,315,1,1,0,0,0,0,1,13350000
nn_kernel_gpu_mem,25141,1,1,106800000,53400000,53400000,106800000,1,13350000
nn_kernel_cpu,74418,0,1,0,0,0,0,1,13360000
nn_kernel_gpu,333,1,1,0,0,0,0,1,13360000
nn_kernel_gpu_mem,25479,1,1,106880000,53440000,53440000,106880000,1,13360000
nn_kernel_cpu,67681,0,1,0,0,0,0,1,1820000
nn_kernel_gpu,108,1,1,0,0,0,0,1,1820000
nn_kernel_gpu_mem,5342,1,1,14560000,7280000,7280000,14560000,1,1820000
nn_kernel_cpu,68203,0,1,0,0,0,0,1,13370000
nn_kernel_gpu,330,1,1,0,0,0,0,1,13370000
nn_kernel_gpu_mem,25549,1,1,106960000,53480000,53480000,106960000,1,13370000
nn_kernel_cpu,67950,0,1,0,0,0,0,1,13380000
nn_kernel_gpu,332,1,1,0,0,0,0,1,13380000
nn_kernel_gpu_mem,25263,1,1,107040000,53520000,53520000,107040000,1,13380000
nn_kernel_cpu,65494,0,1,0,0,0,0,1,1830000
nn_kernel_gpu,170,1,1,0,0,0,0,1,1830000
nn_kernel_gpu_mem,5057,1,1,14640000,7320000,7320000,14640000,1,1830000
nn_kernel_cpu,68812,0,1,0,0,0,0,1,13390000
nn_kernel_gpu,330,1,1,0,0,0,0,1,13390000
nn_kernel_gpu_mem,25440,1,1,107120000,53560000,53560000,107120000,1,13390000
nn_kernel_cpu,68239,0,1,0,0,0,0,1,13400000
nn_kernel_gpu,351,1,1,0,0,0,0,1,13400000
nn_kernel_gpu_mem,25333,1,1,107200000,53600000,53600000,107200000,1,13400000
nn_kernel_cpu,67365,0,1,0,0,0,0,1,1840000
nn_kernel_gpu,110,1,1,0,0,0,0,1,1840000
nn_kernel_gpu_mem,5559,1,1,14720000,7360000,7360000,14720000,1,1840000
nn_kernel_cpu,67556,0,1,0,0,0,0,1,13410000
nn_kernel_gpu,331,1,1,0,0,0,0,1,13410000
nn_kernel_gpu_mem,25689,1,1,107280000,53640000,53640000,107280000,1,13410000
nn_kernel_cpu,67556,0,1,0,0,0,0,1,13410000
nn_kernel_gpu,331,1,1,0,0,0,0,1,13410000
nn_kernel_gpu_mem,25689,1,1,107280000,53640000,53640000,107280000,1,13410000
nn_kernel_cpu,68020,0,1,0,0,0,0,1,13420000
nn_kernel_gpu,317,1,1,0,0,0,0,1,13420000
nn_kernel_gpu_mem,25680,1,1,107360000,53680000,53680000,107360000,1,13420000
nn_kernel_cpu,66515,0,1,0,0,0,0,1,1850000
nn_kernel_gpu,111,1,1,0,0,0,0,1,1850000
nn_kernel_gpu_mem,5450,1,1,14800000,7400000,7400000,14800000,1,1850000
nn_kernel_cpu,67617,0,1,0,0,0,0,1,13430000
nn_kernel_gpu,332,1,1,0,0,0,0,1,13430000
nn_kernel_gpu_mem,25730,1,1,107440000,53720000,53720000,107440000,1,13430000
nn_kernel_cpu,68542,0,1,0,0,0,0,1,1860000
nn_kernel_gpu,93,1,1,0,0,0,0,1,1860000
nn_kernel_gpu_mem,5581,1,1,14880000,7440000,7440000,14880000,1,1860000
nn_kernel_cpu,68043,0,1,0,0,0,0,1,13440000
nn_kernel_gpu,314,1,1,0,0,0,0,1,13440000
nn_kernel_gpu_mem,25326,1,1,107520000,53760000,53760000,107520000,1,13440000
nn_kernel_cpu,67556,0,1,0,0,0,0,1,1870000
nn_kernel_gpu,165,1,1,0,0,0,0,1,1870000
nn_kernel_gpu_mem,5502,1,1,14960000,7480000,7480000,14960000,1,1870000
nn_kernel_cpu,68104,0,1,0,0,0,0,1,13450000
nn_kernel_gpu,335,1,1,0,0,0,0,1,13450000
nn_kernel_gpu_mem,25671,1,1,107600000,53800000,53800000,107600000,1,13450000
nn_kernel_cpu,67943,0,1,0,0,0,0,1,13460000
nn_kernel_gpu,333,1,1,0,0,0,0,1,13460000
nn_kernel_gpu_mem,25873,1,1,107680000,53840000,53840000,107680000,1,13460000
nn_kernel_cpu,66790,0,1,0,0,0,0,1,1880000
nn_kernel_gpu,93,1,1,0,0,0,0,1,1880000
nn_kernel_gpu_mem,5802,1,1,15040000,7520000,7520000,15040000,1,1880000
nn_kernel_cpu,67478,0,1,0,0,0,0,1,1890000
nn_kernel_gpu,170,1,1,0,0,0,0,1,1890000
nn_kernel_gpu_mem,6030,1,1,15120000,7560000,7560000,15120000,1,1890000
nn_kernel_cpu,67776,0,1,0,0,0,0,1,13470000
nn_kernel_gpu,333,1,1,0,0,0,0,1,13470000
nn_kernel_gpu_mem,25429,1,1,107760000,53880000,53880000,107760000,1,13470000
nn_kernel_cpu,67078,0,1,0,0,0,0,1,13480000
nn_kernel_gpu,332,1,1,0,0,0,0,1,13480000
nn_kernel_gpu_mem,25596,1,1,107840000,53920000,53920000,107840000,1,13480000
nn_kernel_cpu,67443,0,1,0,0,0,0,1,190000
nn_kernel_gpu,78,1,1,0,0,0,0,1,190000
nn_kernel_gpu_mem,1543,1,1,1520000,760000,760000,1520000,1,190000
nn_kernel_cpu,67443,0,1,0,0,0,0,1,190000
nn_kernel_gpu,78,1,1,0,0,0,0,1,190000
nn_kernel_gpu_mem,1543,1,1,1520000,760000,760000,1520000,1,190000
nn_kernel_cpu,66789,0,1,0,0,0,0,1,1900000
nn_kernel_gpu,145,1,1,0,0,0,0,1,1900000
nn_kernel_gpu_mem,5630,1,1,15200000,7600000,7600000,15200000,1,1900000
nn_kernel_cpu,68121,0,1,0,0,0,0,1,13490000
nn_kernel_gpu,351,1,1,0,0,0,0,1,13490000
nn_kernel_gpu_mem,25544,1,1,107920000,53960000,53960000,107920000,1,13490000
nn_kernel_cpu,67231,0,1,0,0,0,0,1,1910000
nn_kernel_gpu,168,1,1,0,0,0,0,1,1910000
nn_kernel_gpu_mem,5370,1,1,15280000,7640000,7640000,15280000,1,1910000
nn_kernel_cpu,67231,0,1,0,0,0,0,1,1910000
nn_kernel_gpu,168,1,1,0,0,0,0,1,1910000
nn_kernel_gpu_mem,5370,1,1,15280000,7640000,7640000,15280000,1,1910000
nn_kernel_cpu,67697,0,1,0,0,0,0,1,13500000
nn_kernel_gpu,334,1,1,0,0,0,0,1,13500000
nn_kernel_gpu_mem,25899,1,1,108000000,54000000,54000000,108000000,1,13500000
nn_kernel_cpu,67697,0,1,0,0,0,0,1,13500000
nn_kernel_gpu,334,1,1,0,0,0,0,1,13500000
nn_kernel_gpu_mem,25899,1,1,108000000,54000000,54000000,108000000,1,13500000
nn_kernel_cpu,67627,0,1,0,0,0,0,1,1920000
nn_kernel_gpu,143,1,1,0,0,0,0,1,1920000
nn_kernel_gpu_mem,5533,1,1,15360000,7680000,7680000,15360000,1,1920000
nn_kernel_cpu,67809,0,1,0,0,0,0,1,1930000
nn_kernel_gpu,141,1,1,0,0,0,0,1,1930000
nn_kernel_gpu_mem,5796,1,1,15440000,7720000,7720000,15440000,1,1930000
nn_kernel_cpu,67971,0,1,0,0,0,0,1,1940000
nn_kernel_gpu,104,1,1,0,0,0,0,1,1940000
nn_kernel_gpu_mem,5759,1,1,15520000,7760000,7760000,15520000,1,1940000
nn_kernel_cpu,66363,0,1,0,0,0,0,1,1950000
nn_kernel_gpu,119,1,1,0,0,0,0,1,1950000
nn_kernel_gpu_mem,5877,1,1,15600000,7800000,7800000,15600000,1,1950000
nn_kernel_cpu,70325,0,1,0,0,0,0,1,13510000
nn_kernel_gpu,335,1,1,0,0,0,0,1,13510000
nn_kernel_gpu_mem,25841,1,1,108080000,54040000,54040000,108080000,1,13510000
nn_kernel_cpu,66940,0,1,0,0,0,0,1,1960000
nn_kernel_gpu,146,1,1,0,0,0,0,1,1960000
nn_kernel_gpu_mem,5690,1,1,15680000,7840000,7840000,15680000,1,1960000
nn_kernel_cpu,67918,0,1,0,0,0,0,1,13520000
nn_kernel_gpu,322,1,1,0,0,0,0,1,13520000
nn_kernel_gpu_mem,25487,1,1,108160000,54080000,54080000,108160000,1,13520000
nn_kernel_cpu,66940,0,1,0,0,0,0,1,1960000
nn_kernel_gpu,146,1,1,0,0,0,0,1,1960000
nn_kernel_gpu_mem,5690,1,1,15680000,7840000,7840000,15680000,1,1960000
nn_kernel_cpu,67763,0,1,0,0,0,0,1,1970000
nn_kernel_gpu,164,1,1,0,0,0,0,1,1970000
nn_kernel_gpu_mem,5851,1,1,15760000,7880000,7880000,15760000,1,1970000
nn_kernel_cpu,67846,0,1,0,0,0,0,1,1980000
nn_kernel_gpu,109,1,1,0,0,0,0,1,1980000
nn_kernel_gpu_mem,5888,1,1,15840000,7920000,7920000,15840000,1,1980000
nn_kernel_cpu,68035,0,1,0,0,0,0,1,13530000
nn_kernel_gpu,335,1,1,0,0,0,0,1,13530000
nn_kernel_gpu_mem,25868,1,1,108240000,54120000,54120000,108240000,1,13530000
nn_kernel_cpu,66869,0,1,0,0,0,0,1,200000
nn_kernel_gpu,78,1,1,0,0,0,0,1,200000
nn_kernel_gpu_mem,1682,1,1,1600000,800000,800000,1600000,1,200000
nn_kernel_cpu,66882,0,1,0,0,0,0,1,1990000
nn_kernel_gpu,174,1,1,0,0,0,0,1,1990000
nn_kernel_gpu_mem,5525,1,1,15920000,7960000,7960000,15920000,1,1990000
nn_kernel_cpu,66696,0,1,0,0,0,0,1,2000000
nn_kernel_gpu,123,1,1,0,0,0,0,1,2000000
nn_kernel_gpu_mem,6065,1,1,16000000,8000000,8000000,16000000,1,2000000
nn_kernel_cpu,66696,0,1,0,0,0,0,1,2000000
nn_kernel_gpu,123,1,1,0,0,0,0,1,2000000
nn_kernel_gpu_mem,6065,1,1,16000000,8000000,8000000,16000000,1,2000000
nn_kernel_cpu,67408,0,1,0,0,0,0,1,20000
nn_kernel_gpu,76,1,1,0,0,0,0,1,20000
nn_kernel_gpu_mem,759,1,1,160000,80000,80000,160000,1,20000
nn_kernel_cpu,42462,0,1,0,0,0,0,1,13540000
nn_kernel_gpu,333,1,1,0,0,0,0,1,13540000
nn_kernel_gpu_mem,25358,1,1,108320000,54160000,54160000,108320000,1,13540000
nn_kernel_cpu,67206,0,1,0,0,0,0,1,2010000
nn_kernel_gpu,148,1,1,0,0,0,0,1,2010000
nn_kernel_gpu_mem,5645,1,1,16080000,8040000,8040000,16080000,1,2010000
nn_kernel_cpu,67206,0,1,0,0,0,0,1,2010000
nn_kernel_gpu,148,1,1,0,0,0,0,1,2010000
nn_kernel_gpu_mem,5645,1,1,16080000,8040000,8040000,16080000,1,2010000
nn_kernel_cpu,67110,0,1,0,0,0,0,1,2020000
nn_kernel_gpu,116,1,1,0,0,0,0,1,2020000
nn_kernel_gpu_mem,5825,1,1,16160000,8080000,8080000,16160000,1,2020000
nn_kernel_cpu,67110,0,1,0,0,0,0,1,2020000
nn_kernel_gpu,116,1,1,0,0,0,0,1,2020000
nn_kernel_gpu_mem,5825,1,1,16160000,8080000,8080000,16160000,1,2020000
nn_kernel_cpu,66437,0,1,0,0,0,0,1,2030000
nn_kernel_gpu,110,1,1,0,0,0,0,1,2030000
nn_kernel_gpu_mem,5765,1,1,16240000,8120000,8120000,16240000,1,2030000
nn_kernel_cpu,68236,0,1,0,0,0,0,1,13550000
nn_kernel_gpu,338,1,1,0,0,0,0,1,13550000
nn_kernel_gpu_mem,25991,1,1,108400000,54200000,54200000,108400000,1,13550000
nn_kernel_cpu,68153,0,1,0,0,0,0,1,13560000
nn_kernel_gpu,335,1,1,0,0,0,0,1,13560000
nn_kernel_gpu_mem,25911,1,1,108480000,54240000,54240000,108480000,1,13560000
nn_kernel_cpu,68153,0,1,0,0,0,0,1,13560000
nn_kernel_gpu,335,1,1,0,0,0,0,1,13560000
nn_kernel_gpu_mem,25911,1,1,108480000,54240000,54240000,108480000,1,13560000
nn_kernel_cpu,67867,0,1,0,0,0,0,1,2040000
nn_kernel_gpu,174,1,1,0,0,0,0,1,2040000
nn_kernel_gpu_mem,5762,1,1,16320000,8160000,8160000,16320000,1,2040000
nn_kernel_cpu,67867,0,1,0,0,0,0,1,2040000
nn_kernel_gpu,174,1,1,0,0,0,0,1,2040000
nn_kernel_gpu_mem,5762,1,1,16320000,8160000,8160000,16320000,1,2040000
nn_kernel_cpu,66511,0,1,0,0,0,0,1,2050000
nn_kernel_gpu,111,1,1,0,0,0,0,1,2050000
nn_kernel_gpu_mem,5997,1,1,16400000,8200000,8200000,16400000,1,2050000
nn_kernel_cpu,66511,0,1,0,0,0,0,1,2050000
nn_kernel_gpu,111,1,1,0,0,0,0,1,2050000
nn_kernel_gpu_mem,5997,1,1,16400000,8200000,8200000,16400000,1,2050000
nn_kernel_cpu,67026,0,1,0,0,0,0,1,2060000
nn_kernel_gpu,111,1,1,0,0,0,0,1,2060000
nn_kernel_gpu_mem,5973,1,1,16480000,8240000,8240000,16480000,1,2060000
nn_kernel_cpu,67623,0,1,0,0,0,0,1,2070000
nn_kernel_gpu,145,1,1,0,0,0,0,1,2070000
nn_kernel_gpu_mem,6017,1,1,16560000,8280000,8280000,16560000,1,2070000
nn_kernel_cpu,67866,0,1,0,0,0,0,1,13570000
nn_kernel_gpu,335,1,1,0,0,0,0,1,13570000
nn_kernel_gpu_mem,25898,1,1,108560000,54280000,54280000,108560000,1,13570000
nn_kernel_cpu,67623,0,1,0,0,0,0,1,2070000
nn_kernel_gpu,145,1,1,0,0,0,0,1,2070000
nn_kernel_gpu_mem,6017,1,1,16560000,8280000,8280000,16560000,1,2070000
nn_kernel_cpu,69527,0,1,0,0,0,0,1,2080000
nn_kernel_gpu,117,1,1,0,0,0,0,1,2080000
nn_kernel_gpu_mem,6055,1,1,16640000,8320000,8320000,16640000,1,2080000
nn_kernel_cpu,67274,0,1,0,0,0,0,1,2090000
nn_kernel_gpu,111,1,1,0,0,0,0,1,2090000
nn_kernel_gpu_mem,5883,1,1,16720000,8360000,8360000,16720000,1,2090000
nn_kernel_cpu,67274,0,1,0,0,0,0,1,2090000
nn_kernel_gpu,111,1,1,0,0,0,0,1,2090000
nn_kernel_gpu_mem,5883,1,1,16720000,8360000,8360000,16720000,1,2090000
nn_kernel_cpu,71518,0,1,0,0,0,0,1,13580000
nn_kernel_gpu,320,1,1,0,0,0,0,1,13580000
nn_kernel_gpu_mem,25609,1,1,108640000,54320000,54320000,108640000,1,13580000
nn_kernel_cpu,66487,0,1,0,0,0,0,1,210000
nn_kernel_gpu,72,1,1,0,0,0,0,1,210000
nn_kernel_gpu_mem,1559,1,1,1680000,840000,840000,1680000,1,210000
nn_kernel_cpu,66385,0,1,0,0,0,0,1,2100000
nn_kernel_gpu,115,1,1,0,0,0,0,1,2100000
nn_kernel_gpu_mem,6185,1,1,16800000,8400000,8400000,16800000,1,2100000
nn_kernel_cpu,66487,0,1,0,0,0,0,1,210000
nn_kernel_gpu,72,1,1,0,0,0,0,1,210000
nn_kernel_gpu_mem,1559,1,1,1680000,840000,840000,1680000,1,210000
nn_kernel_cpu,68979,0,1,0,0,0,0,1,13590000
nn_kernel_gpu,335,1,1,0,0,0,0,1,13590000
nn_kernel_gpu_mem,25800,1,1,108720000,54360000,54360000,108720000,1,13590000
nn_kernel_cpu,67889,0,1,0,0,0,0,1,2110000
nn_kernel_gpu,120,1,1,0,0,0,0,1,2110000
nn_kernel_gpu_mem,6182,1,1,16880000,8440000,8440000,16880000,1,2110000
nn_kernel_cpu,42947,0,1,0,0,0,0,1,2120000
nn_kernel_gpu,122,1,1,0,0,0,0,1,2120000
nn_kernel_gpu_mem,6088,1,1,16960000,8480000,8480000,16960000,1,2120000
nn_kernel_cpu,42947,0,1,0,0,0,0,1,2120000
nn_kernel_gpu,122,1,1,0,0,0,0,1,2120000
nn_kernel_gpu_mem,6088,1,1,16960000,8480000,8480000,16960000,1,2120000
nn_kernel_cpu,66926,0,1,0,0,0,0,1,2130000
nn_kernel_gpu,161,1,1,0,0,0,0,1,2130000
nn_kernel_gpu_mem,5781,1,1,17040000,8520000,8520000,17040000,1,2130000
nn_kernel_cpu,66926,0,1,0,0,0,0,1,2130000
nn_kernel_gpu,161,1,1,0,0,0,0,1,2130000
nn_kernel_gpu_mem,5781,1,1,17040000,8520000,8520000,17040000,1,2130000
nn_kernel_cpu,67552,0,1,0,0,0,0,1,2140000
nn_kernel_gpu,110,1,1,0,0,0,0,1,2140000
nn_kernel_gpu_mem,6360,1,1,17120000,8560000,8560000,17120000,1,2140000
nn_kernel_cpu,67155,0,1,0,0,0,0,1,2150000
nn_kernel_gpu,115,1,1,0,0,0,0,1,2150000
nn_kernel_gpu_mem,6370,1,1,17200000,8600000,8600000,17200000,1,2150000
nn_kernel_cpu,67393,0,1,0,0,0,0,1,2160000
nn_kernel_gpu,122,1,1,0,0,0,0,1,2160000
nn_kernel_gpu_mem,6388,1,1,17280000,8640000,8640000,17280000,1,2160000
nn_kernel_cpu,67393,0,1,0,0,0,0,1,2160000
nn_kernel_gpu,122,1,1,0,0,0,0,1,2160000
nn_kernel_gpu_mem,6388,1,1,17280000,8640000,8640000,17280000,1,2160000
nn_kernel_cpu,67596,0,1,0,0,0,0,1,2170000
nn_kernel_gpu,161,1,1,0,0,0,0,1,2170000
nn_kernel_gpu_mem,6254,1,1,17360000,8680000,8680000,17360000,1,2170000
nn_kernel_cpu,67596,0,1,0,0,0,0,1,2170000
nn_kernel_gpu,161,1,1,0,0,0,0,1,2170000
nn_kernel_gpu_mem,6254,1,1,17360000,8680000,8680000,17360000,1,2170000
nn_kernel_cpu,67305,0,1,0,0,0,0,1,2180000
nn_kernel_gpu,150,1,1,0,0,0,0,1,2180000
nn_kernel_gpu_mem,6431,1,1,17440000,8720000,8720000,17440000,1,2180000
nn_kernel_cpu,67389,0,1,0,0,0,0,1,220000
nn_kernel_gpu,66,1,1,0,0,0,0,1,220000
nn_kernel_gpu_mem,1559,1,1,1760000,880000,880000,1760000,1,220000
nn_kernel_cpu,68013,0,1,0,0,0,0,1,13600000
nn_kernel_gpu,331,1,1,0,0,0,0,1,13600000
nn_kernel_gpu_mem,25860,1,1,108800000,54400000,54400000,108800000,1,13600000
nn_kernel_cpu,67493,0,1,0,0,0,0,1,2190000
nn_kernel_gpu,112,1,1,0,0,0,0,1,2190000
nn_kernel_gpu_mem,6414,1,1,17520000,8760000,8760000,17520000,1,2190000
nn_kernel_cpu,68013,0,1,0,0,0,0,1,13600000
nn_kernel_gpu,331,1,1,0,0,0,0,1,13600000
nn_kernel_gpu_mem,25860,1,1,108800000,54400000,54400000,108800000,1,13600000
nn_kernel_cpu,65930,0,1,0,0,0,0,1,2200000
nn_kernel_gpu,126,1,1,0,0,0,0,1,2200000
nn_kernel_gpu_mem,6508,1,1,17600000,8800000,8800000,17600000,1,2200000
nn_kernel_cpu,65930,0,1,0,0,0,0,1,2200000
nn_kernel_gpu,126,1,1,0,0,0,0,1,2200000
nn_kernel_gpu_mem,6508,1,1,17600000,8800000,8800000,17600000,1,2200000
nn_kernel_cpu,67410,0,1,0,0,0,0,1,2210000
nn_kernel_gpu,101,1,1,0,0,0,0,1,2210000
nn_kernel_gpu_mem,6429,1,1,17680000,8840000,8840000,17680000,1,2210000
nn_kernel_cpu,67410,0,1,0,0,0,0,1,2210000
nn_kernel_gpu,101,1,1,0,0,0,0,1,2210000
nn_kernel_gpu_mem,6429,1,1,17680000,8840000,8840000,17680000,1,2210000
nn_kernel_cpu,67343,0,1,0,0,0,0,1,2220000
nn_kernel_gpu,158,1,1,0,0,0,0,1,2220000
nn_kernel_gpu_mem,6308,1,1,17760000,8880000,8880000,17760000,1,2220000
nn_kernel_cpu,67144,0,1,0,0,0,0,1,2230000
nn_kernel_gpu,125,1,1,0,0,0,0,1,2230000
nn_kernel_gpu_mem,6445,1,1,17840000,8920000,8920000,17840000,1,2230000
nn_kernel_cpu,70270,0,1,0,0,0,0,1,13610000
nn_kernel_gpu,335,1,1,0,0,0,0,1,13610000
nn_kernel_gpu_mem,25802,1,1,108880000,54440000,54440000,108880000,1,13610000
nn_kernel_cpu,67303,0,1,0,0,0,0,1,2240000
nn_kernel_gpu,127,1,1,0,0,0,0,1,2240000
nn_kernel_gpu_mem,6654,1,1,17920000,8960000,8960000,17920000,1,2240000
nn_kernel_cpu,67303,0,1,0,0,0,0,1,2240000
nn_kernel_gpu,127,1,1,0,0,0,0,1,2240000
nn_kernel_gpu_mem,6654,1,1,17920000,8960000,8960000,17920000,1,2240000
nn_kernel_cpu,67989,0,1,0,0,0,0,1,13620000
nn_kernel_gpu,322,1,1,0,0,0,0,1,13620000
nn_kernel_gpu_mem,25458,1,1,108960000,54480000,54480000,108960000,1,13620000
nn_kernel_cpu,67521,0,1,0,0,0,0,1,2250000
nn_kernel_gpu,109,1,1,0,0,0,0,1,2250000
nn_kernel_gpu_mem,6685,1,1,18000000,9000000,9000000,18000000,1,2250000
nn_kernel_cpu,67521,0,1,0,0,0,0,1,2250000
nn_kernel_gpu,109,1,1,0,0,0,0,1,2250000
nn_kernel_gpu_mem,6685,1,1,18000000,9000000,9000000,18000000,1,2250000
nn_kernel_cpu,67314,0,1,0,0,0,0,1,13630000
nn_kernel_gpu,337,1,1,0,0,0,0,1,13630000
nn_kernel_gpu_mem,25808,1,1,109040000,54520000,54520000,109040000,1,13630000
nn_kernel_cpu,67556,0,1,0,0,0,0,1,2260000
nn_kernel_gpu,100,1,1,0,0,0,0,1,2260000
nn_kernel_gpu_mem,6393,1,1,18080000,9040000,9040000,18080000,1,2260000
nn_kernel_cpu,66823,0,1,0,0,0,0,1,2270000
nn_kernel_gpu,115,1,1,0,0,0,0,1,2270000
nn_kernel_gpu_mem,6236,1,1,18160000,9080000,9080000,18160000,1,2270000
nn_kernel_cpu,66126,0,1,0,0,0,0,1,2280000
nn_kernel_gpu,116,1,1,0,0,0,0,1,2280000
nn_kernel_gpu_mem,6484,1,1,18240000,9120000,9120000,18240000,1,2280000
nn_kernel_cpu,66126,0,1,0,0,0,0,1,2280000
nn_kernel_gpu,116,1,1,0,0,0,0,1,2280000
nn_kernel_gpu_mem,6484,1,1,18240000,9120000,9120000,18240000,1,2280000
nn_kernel_cpu,66300,0,1,0,0,0,0,1,2290000
nn_kernel_gpu,103,1,1,0,0,0,0,1,2290000
nn_kernel_gpu_mem,6503,1,1,18320000,9160000,9160000,18320000,1,2290000
nn_kernel_cpu,67055,0,1,0,0,0,0,1,230000
nn_kernel_gpu,76,1,1,0,0,0,0,1,230000
nn_kernel_gpu_mem,1687,1,1,1840000,920000,920000,1840000,1,230000
nn_kernel_cpu,66300,0,1,0,0,0,0,1,2290000
nn_kernel_gpu,103,1,1,0,0,0,0,1,2290000
nn_kernel_gpu_mem,6503,1,1,18320000,9160000,9160000,18320000,1,2290000
nn_kernel_cpu,67516,0,1,0,0,0,0,1,230000
nn_kernel_gpu,64,1,1,0,0,0,0,1,230000
nn_kernel_gpu_mem,1589,1,1,1840000,920000,920000,1840000,1,230000
nn_kernel_cpu,68822,0,1,0,0,0,0,1,2300000
nn_kernel_gpu,112,1,1,0,0,0,0,1,2300000
nn_kernel_gpu_mem,6526,1,1,18400000,9200000,9200000,18400000,1,2300000
nn_kernel_cpu,67844,0,1,0,0,0,0,1,2310000
nn_kernel_gpu,137,1,1,0,0,0,0,1,2310000
nn_kernel_gpu_mem,8525,1,1,18480000,9240000,9240000,18480000,1,2310000
nn_kernel_cpu,67983,0,1,0,0,0,0,1,2320000
nn_kernel_gpu,153,1,1,0,0,0,0,1,2320000
nn_kernel_gpu_mem,6520,1,1,18560000,9280000,9280000,18560000,1,2320000
nn_kernel_cpu,67983,0,1,0,0,0,0,1,2320000
nn_kernel_gpu,153,1,1,0,0,0,0,1,2320000
nn_kernel_gpu_mem,6520,1,1,18560000,9280000,9280000,18560000,1,2320000
nn_kernel_cpu,67983,0,1,0,0,0,0,1,2320000
nn_kernel_gpu,153,1,1,0,0,0,0,1,2320000
nn_kernel_gpu_mem,6520,1,1,18560000,9280000,9280000,18560000,1,2320000
nn_kernel_cpu,66935,0,1,0,0,0,0,1,2330000
nn_kernel_gpu,169,1,1,0,0,0,0,1,2330000
nn_kernel_gpu_mem,7521,1,1,18640000,9320000,9320000,18640000,1,2330000
nn_kernel_cpu,67694,0,1,0,0,0,0,1,13640000
nn_kernel_gpu,336,1,1,0,0,0,0,1,13640000
nn_kernel_gpu_mem,25987,1,1,109120000,54560000,54560000,109120000,1,13640000
nn_kernel_cpu,67694,0,1,0,0,0,0,1,13640000
nn_kernel_gpu,336,1,1,0,0,0,0,1,13640000
nn_kernel_gpu_mem,25987,1,1,109120000,54560000,54560000,109120000,1,13640000
nn_kernel_cpu,69752,0,1,0,0,0,0,1,2340000
nn_kernel_gpu,168,1,1,0,0,0,0,1,2340000
nn_kernel_gpu_mem,6098,1,1,18720000,9360000,9360000,18720000,1,2340000
nn_kernel_cpu,67618,0,1,0,0,0,0,1,2350000
nn_kernel_gpu,138,1,1,0,0,0,0,1,2350000
nn_kernel_gpu_mem,6755,1,1,18800000,9400000,9400000,18800000,1,2350000
nn_kernel_cpu,67129,0,1,0,0,0,0,1,2360000
nn_kernel_gpu,106,1,1,0,0,0,0,1,2360000
nn_kernel_gpu_mem,6631,1,1,18880000,9440000,9440000,18880000,1,2360000
nn_kernel_cpu,67129,0,1,0,0,0,0,1,2360000
nn_kernel_gpu,106,1,1,0,0,0,0,1,2360000
nn_kernel_gpu_mem,6631,1,1,18880000,9440000,9440000,18880000,1,2360000
nn_kernel_cpu,67129,0,1,0,0,0,0,1,2360000
nn_kernel_gpu,106,1,1,0,0,0,0,1,2360000
nn_kernel_gpu_mem,6631,1,1,18880000,9440000,9440000,18880000,1,2360000
nn_kernel_cpu,67557,0,1,0,0,0,0,1,2370000
nn_kernel_gpu,121,1,1,0,0,0,0,1,2370000
nn_kernel_gpu_mem,27201,1,1,18960000,9480000,9480000,18960000,1,2370000
nn_kernel_cpu,68245,0,1,0,0,0,0,1,13650000
nn_kernel_gpu,334,1,1,0,0,0,0,1,13650000
nn_kernel_gpu_mem,25836,1,1,109200000,54600000,54600000,109200000,1,13650000
nn_kernel_cpu,67356,0,1,0,0,0,0,1,2380000
nn_kernel_gpu,172,1,1,0,0,0,0,1,2380000
nn_kernel_gpu_mem,6718,1,1,19040000,9520000,9520000,19040000,1,2380000
nn_kernel_cpu,66997,0,1,0,0,0,0,1,240000
nn_kernel_gpu,64,1,1,0,0,0,0,1,240000
nn_kernel_gpu_mem,1579,1,1,1920000,960000,960000,1920000,1,240000
nn_kernel_cpu,67292,0,1,0,0,0,0,1,2390000
nn_kernel_gpu,103,1,1,0,0,0,0,1,2390000
nn_kernel_gpu_mem,6828,1,1,19120000,9560000,9560000,19120000,1,2390000
nn_kernel_cpu,68527,0,1,0,0,0,0,1,13660000
nn_kernel_gpu,319,1,1,0,0,0,0,1,13660000
nn_kernel_gpu_mem,25614,1,1,109280000,54640000,54640000,109280000,1,13660000
nn_kernel_cpu,67292,0,1,0,0,0,0,1,2390000
nn_kernel_gpu,103,1,1,0,0,0,0,1,2390000
nn_kernel_gpu_mem,6828,1,1,19120000,9560000,9560000,19120000,1,2390000
nn_kernel_cpu,67292,0,1,0,0,0,0,1,2390000
nn_kernel_gpu,103,1,1,0,0,0,0,1,2390000
nn_kernel_gpu_mem,6828,1,1,19120000,9560000,9560000,19120000,1,2390000
nn_kernel_cpu,67715,0,1,0,0,0,0,1,2400000
nn_kernel_gpu,118,1,1,0,0,0,0,1,2400000
nn_kernel_gpu_mem,6719,1,1,19200000,9600000,9600000,19200000,1,2400000
nn_kernel_cpu,67715,0,1,0,0,0,0,1,2400000
nn_kernel_gpu,118,1,1,0,0,0,0,1,2400000
nn_kernel_gpu_mem,6719,1,1,19200000,9600000,9600000,19200000,1,2400000
nn_kernel_cpu,67715,0,1,0,0,0,0,1,2400000
nn_kernel_gpu,118,1,1,0,0,0,0,1,2400000
nn_kernel_gpu_mem,6719,1,1,19200000,9600000,9600000,19200000,1,2400000
nn_kernel_cpu,68257,0,1,0,0,0,0,1,13670000
nn_kernel_gpu,337,1,1,0,0,0,0,1,13670000
nn_kernel_gpu_mem,25804,1,1,109360000,54680000,54680000,109360000,1,13670000
nn_kernel_cpu,67446,0,1,0,0,0,0,1,2410000
nn_kernel_gpu,147,1,1,0,0,0,0,1,2410000
nn_kernel_gpu_mem,6998,1,1,19280000,9640000,9640000,19280000,1,2410000
nn_kernel_cpu,67446,0,1,0,0,0,0,1,2410000
nn_kernel_gpu,147,1,1,0,0,0,0,1,2410000
nn_kernel_gpu_mem,6998,1,1,19280000,9640000,9640000,19280000,1,2410000
nn_kernel_cpu,67446,0,1,0,0,0,0,1,2410000
nn_kernel_gpu,147,1,1,0,0,0,0,1,2410000
nn_kernel_gpu_mem,6998,1,1,19280000,9640000,9640000,19280000,1,2410000
nn_kernel_cpu,67618,0,1,0,0,0,0,1,2420000
nn_kernel_gpu,111,1,1,0,0,0,0,1,2420000
nn_kernel_gpu_mem,7067,1,1,19360000,9680000,9680000,19360000,1,2420000
nn_kernel_cpu,67618,0,1,0,0,0,0,1,2420000
nn_kernel_gpu,111,1,1,0,0,0,0,1,2420000
nn_kernel_gpu_mem,7067,1,1,19360000,9680000,9680000,19360000,1,2420000
nn_kernel_cpu,67618,0,1,0,0,0,0,1,2420000
nn_kernel_gpu,111,1,1,0,0,0,0,1,2420000
nn_kernel_gpu_mem,7067,1,1,19360000,9680000,9680000,19360000,1,2420000
nn_kernel_cpu,67762,0,1,0,0,0,0,1,2430000
nn_kernel_gpu,124,1,1,0,0,0,0,1,2430000
nn_kernel_gpu_mem,6833,1,1,19440000,9720000,9720000,19440000,1,2430000
nn_kernel_cpu,67762,0,1,0,0,0,0,1,2430000
nn_kernel_gpu,124,1,1,0,0,0,0,1,2430000
nn_kernel_gpu_mem,6833,1,1,19440000,9720000,9720000,19440000,1,2430000
nn_kernel_cpu,67762,0,1,0,0,0,0,1,2430000
nn_kernel_gpu,124,1,1,0,0,0,0,1,2430000
nn_kernel_gpu_mem,6833,1,1,19440000,9720000,9720000,19440000,1,2430000
nn_kernel_cpu,67762,0,1,0,0,0,0,1,2430000
nn_kernel_gpu,124,1,1,0,0,0,0,1,2430000
nn_kernel_gpu_mem,6833,1,1,19440000,9720000,9720000,19440000,1,2430000
nn_kernel_cpu,66525,0,1,0,0,0,0,1,2440000
nn_kernel_gpu,115,1,1,0,0,0,0,1,2440000
nn_kernel_gpu_mem,6951,1,1,19520000,9760000,9760000,19520000,1,2440000
nn_kernel_cpu,66525,0,1,0,0,0,0,1,2440000
nn_kernel_gpu,115,1,1,0,0,0,0,1,2440000
nn_kernel_gpu_mem,6951,1,1,19520000,9760000,9760000,19520000,1,2440000
nn_kernel_cpu,66663,0,1,0,0,0,0,1,2450000
nn_kernel_gpu,111,1,1,0,0,0,0,1,2450000
nn_kernel_gpu_mem,6968,1,1,19600000,9800000,9800000,19600000,1,2450000
nn_kernel_cpu,66663,0,1,0,0,0,0,1,2450000
nn_kernel_gpu,111,1,1,0,0,0,0,1,2450000
nn_kernel_gpu_mem,6968,1,1,19600000,9800000,9800000,19600000,1,2450000
nn_kernel_cpu,66663,0,1,0,0,0,0,1,2450000
nn_kernel_gpu,111,1,1,0,0,0,0,1,2450000
nn_kernel_gpu_mem,6968,1,1,19600000,9800000,9800000,19600000,1,2450000
nn_kernel_cpu,66663,0,1,0,0,0,0,1,2450000
nn_kernel_gpu,111,1,1,0,0,0,0,1,2450000
nn_kernel_gpu_mem,6968,1,1,19600000,9800000,9800000,19600000,1,2450000
nn_kernel_cpu,67864,0,1,0,0,0,0,1,2460000
nn_kernel_gpu,168,1,1,0,0,0,0,1,2460000
nn_kernel_gpu_mem,6947,1,1,19680000,9840000,9840000,19680000,1,2460000
nn_kernel_cpu,67864,0,1,0,0,0,0,1,2460000
nn_kernel_gpu,168,1,1,0,0,0,0,1,2460000
nn_kernel_gpu_mem,6947,1,1,19680000,9840000,9840000,19680000,1,2460000
nn_kernel_cpu,67864,0,1,0,0,0,0,1,2460000
nn_kernel_gpu,168,1,1,0,0,0,0,1,2460000
nn_kernel_gpu_mem,6947,1,1,19680000,9840000,9840000,19680000,1,2460000
nn_kernel_cpu,67864,0,1,0,0,0,0,1,2460000
nn_kernel_gpu,168,1,1,0,0,0,0,1,2460000
nn_kernel_gpu_mem,6947,1,1,19680000,9840000,9840000,19680000,1,2460000
nn_kernel_cpu,67442,0,1,0,0,0,0,1,2470000
nn_kernel_gpu,108,1,1,0,0,0,0,1,2470000
nn_kernel_gpu_mem,6968,1,1,19760000,9880000,9880000,19760000,1,2470000
nn_kernel_cpu,67442,0,1,0,0,0,0,1,2470000
nn_kernel_gpu,108,1,1,0,0,0,0,1,2470000
nn_kernel_gpu_mem,6968,1,1,19760000,9880000,9880000,19760000,1,2470000
nn_kernel_cpu,67878,0,1,0,0,0,0,1,2480000
nn_kernel_gpu,114,1,1,0,0,0,0,1,2480000
nn_kernel_gpu_mem,7296,1,1,19840000,9920000,9920000,19840000,1,2480000
nn_kernel_cpu,67878,0,1,0,0,0,0,1,2480000
nn_kernel_gpu,114,1,1,0,0,0,0,1,2480000
nn_kernel_gpu_mem,7296,1,1,19840000,9920000,9920000,19840000,1,2480000
nn_kernel_cpu,67878,0,1,0,0,0,0,1,2480000
nn_kernel_gpu,114,1,1,0,0,0,0,1,2480000
nn_kernel_gpu_mem,7296,1,1,19840000,9920000,9920000,19840000,1,2480000
nn_kernel_cpu,67878,0,1,0,0,0,0,1,2480000
nn_kernel_gpu,114,1,1,0,0,0,0,1,2480000
nn_kernel_gpu_mem,7296,1,1,19840000,9920000,9920000,19840000,1,2480000
nn_kernel_cpu,67471,0,1,0,0,0,0,1,2490000
nn_kernel_gpu,121,1,1,0,0,0,0,1,2490000
nn_kernel_gpu_mem,6965,1,1,19920000,9960000,9960000,19920000,1,2490000
nn_kernel_cpu,67471,0,1,0,0,0,0,1,2490000
nn_kernel_gpu,121,1,1,0,0,0,0,1,2490000
nn_kernel_gpu_mem,6965,1,1,19920000,9960000,9960000,19920000,1,2490000
nn_kernel_cpu,67471,0,1,0,0,0,0,1,2490000
nn_kernel_gpu,121,1,1,0,0,0,0,1,2490000
nn_kernel_gpu_mem,6965,1,1,19920000,9960000,9960000,19920000,1,2490000
nn_kernel_cpu,67471,0,1,0,0,0,0,1,2490000
nn_kernel_gpu,121,1,1,0,0,0,0,1,2490000
nn_kernel_gpu_mem,6965,1,1,19920000,9960000,9960000,19920000,1,2490000
nn_kernel_cpu,66605,0,1,0,0,0,0,1,250000
nn_kernel_gpu,68,1,1,0,0,0,0,1,250000
nn_kernel_gpu_mem,1598,1,1,2000000,1000000,1000000,2000000,1,250000
nn_kernel_cpu,66605,0,1,0,0,0,0,1,250000
nn_kernel_gpu,68,1,1,0,0,0,0,1,250000
nn_kernel_gpu_mem,1598,1,1,2000000,1000000,1000000,2000000,1,250000
nn_kernel_cpu,66605,0,1,0,0,0,0,1,250000
nn_kernel_gpu,68,1,1,0,0,0,0,1,250000
nn_kernel_gpu_mem,1598,1,1,2000000,1000000,1000000,2000000,1,250000
nn_kernel_cpu,66962,0,1,0,0,0,0,1,2500000
nn_kernel_gpu,113,1,1,0,0,0,0,1,2500000
nn_kernel_gpu_mem,7126,1,1,20000000,10000000,10000000,20000000,1,2500000
nn_kernel_cpu,66962,0,1,0,0,0,0,1,2500000
nn_kernel_gpu,113,1,1,0,0,0,0,1,2500000
nn_kernel_gpu_mem,7126,1,1,20000000,10000000,10000000,20000000,1,2500000
nn_kernel_cpu,68570,0,1,0,0,0,0,1,13680000
nn_kernel_gpu,340,1,1,0,0,0,0,1,13680000
nn_kernel_gpu_mem,25906,1,1,109440000,54720000,54720000,109440000,1,13680000
nn_kernel_cpu,67319,0,1,0,0,0,0,1,2500000
nn_kernel_gpu,106,1,1,0,0,0,0,1,2500000
nn_kernel_gpu_mem,6507,1,1,20000000,10000000,10000000,20000000,1,2500000
nn_kernel_cpu,67626,0,1,0,0,0,0,1,2510000
nn_kernel_gpu,156,1,1,0,0,0,0,1,2510000
nn_kernel_gpu_mem,6979,1,1,20080000,10040000,10040000,20080000,1,2510000
nn_kernel_cpu,67626,0,1,0,0,0,0,1,2510000
nn_kernel_gpu,156,1,1,0,0,0,0,1,2510000
nn_kernel_gpu_mem,6979,1,1,20080000,10040000,10040000,20080000,1,2510000
nn_kernel_cpu,67626,0,1,0,0,0,0,1,2510000
nn_kernel_gpu,156,1,1,0,0,0,0,1,2510000
nn_kernel_gpu_mem,6979,1,1,20080000,10040000,10040000,20080000,1,2510000
nn_kernel_cpu,67626,0,1,0,0,0,0,1,2510000
nn_kernel_gpu,156,1,1,0,0,0,0,1,2510000
nn_kernel_gpu_mem,6979,1,1,20080000,10040000,10040000,20080000,1,2510000
nn_kernel_cpu,66685,0,1,0,0,0,0,1,2520000
nn_kernel_gpu,167,1,1,0,0,0,0,1,2520000
nn_kernel_gpu_mem,7115,1,1,20160000,10080000,10080000,20160000,1,2520000
nn_kernel_cpu,66685,0,1,0,0,0,0,1,2520000
nn_kernel_gpu,167,1,1,0,0,0,0,1,2520000
nn_kernel_gpu_mem,7115,1,1,20160000,10080000,10080000,20160000,1,2520000
nn_kernel_cpu,66685,0,1,0,0,0,0,1,2520000
nn_kernel_gpu,167,1,1,0,0,0,0,1,2520000
nn_kernel_gpu_mem,7115,1,1,20160000,10080000,10080000,20160000,1,2520000
nn_kernel_cpu,67458,0,1,0,0,0,0,1,2530000
nn_kernel_gpu,176,1,1,0,0,0,0,1,2530000
nn_kernel_gpu_mem,7104,1,1,20240000,10120000,10120000,20240000,1,2530000
nn_kernel_cpu,67458,0,1,0,0,0,0,1,2530000
nn_kernel_gpu,176,1,1,0,0,0,0,1,2530000
nn_kernel_gpu_mem,7104,1,1,20240000,10120000,10120000,20240000,1,2530000
nn_kernel_cpu,67372,0,1,0,0,0,0,1,2540000
nn_kernel_gpu,122,1,1,0,0,0,0,1,2540000
nn_kernel_gpu_mem,7145,1,1,20320000,10160000,10160000,20320000,1,2540000
nn_kernel_cpu,67372,0,1,0,0,0,0,1,2540000
nn_kernel_gpu,122,1,1,0,0,0,0,1,2540000
nn_kernel_gpu_mem,7145,1,1,20320000,10160000,10160000,20320000,1,2540000
nn_kernel_cpu,67372,0,1,0,0,0,0,1,2540000
nn_kernel_gpu,122,1,1,0,0,0,0,1,2540000
nn_kernel_gpu_mem,7145,1,1,20320000,10160000,10160000,20320000,1,2540000
nn_kernel_cpu,67372,0,1,0,0,0,0,1,2540000
nn_kernel_gpu,122,1,1,0,0,0,0,1,2540000
nn_kernel_gpu_mem,7145,1,1,20320000,10160000,10160000,20320000,1,2540000
nn_kernel_cpu,66230,0,1,0,0,0,0,1,2550000
nn_kernel_gpu,107,1,1,0,0,0,0,1,2550000
nn_kernel_gpu_mem,7060,1,1,20400000,10200000,10200000,20400000,1,2550000
nn_kernel_cpu,67958,0,1,0,0,0,0,1,2560000
nn_kernel_gpu,115,1,1,0,0,0,0,1,2560000
nn_kernel_gpu_mem,7196,1,1,20480000,10240000,10240000,20480000,1,2560000
nn_kernel_cpu,67958,0,1,0,0,0,0,1,2560000
nn_kernel_gpu,115,1,1,0,0,0,0,1,2560000
nn_kernel_gpu_mem,7196,1,1,20480000,10240000,10240000,20480000,1,2560000
nn_kernel_cpu,67958,0,1,0,0,0,0,1,2560000
nn_kernel_gpu,115,1,1,0,0,0,0,1,2560000
nn_kernel_gpu_mem,7196,1,1,20480000,10240000,10240000,20480000,1,2560000
nn_kernel_cpu,66943,0,1,0,0,0,0,1,2570000
nn_kernel_gpu,113,1,1,0,0,0,0,1,2570000
nn_kernel_gpu_mem,7210,1,1,20560000,10280000,10280000,20560000,1,2570000
nn_kernel_cpu,66943,0,1,0,0,0,0,1,2570000
nn_kernel_gpu,113,1,1,0,0,0,0,1,2570000
nn_kernel_gpu_mem,7210,1,1,20560000,10280000,10280000,20560000,1,2570000
nn_kernel_cpu,67797,0,1,0,0,0,0,1,2580000
nn_kernel_gpu,129,1,1,0,0,0,0,1,2580000
nn_kernel_gpu_mem,7179,1,1,20640000,10320000,10320000,20640000,1,2580000
nn_kernel_cpu,67797,0,1,0,0,0,0,1,2580000
nn_kernel_gpu,129,1,1,0,0,0,0,1,2580000
nn_kernel_gpu_mem,7179,1,1,20640000,10320000,10320000,20640000,1,2580000
nn_kernel_cpu,67797,0,1,0,0,0,0,1,2580000
nn_kernel_gpu,129,1,1,0,0,0,0,1,2580000
nn_kernel_gpu_mem,7179,1,1,20640000,10320000,10320000,20640000,1,2580000
nn_kernel_cpu,67797,0,1,0,0,0,0,1,2580000
nn_kernel_gpu,129,1,1,0,0,0,0,1,2580000
nn_kernel_gpu_mem,7179,1,1,20640000,10320000,10320000,20640000,1,2580000
nn_kernel_cpu,67346,0,1,0,0,0,0,1,260000
nn_kernel_gpu,65,1,1,0,0,0,0,1,260000
nn_kernel_gpu_mem,1625,1,1,2080000,1040000,1040000,2080000,1,260000
nn_kernel_cpu,67346,0,1,0,0,0,0,1,260000
nn_kernel_gpu,65,1,1,0,0,0,0,1,260000
nn_kernel_gpu_mem,1625,1,1,2080000,1040000,1040000,2080000,1,260000
nn_kernel_cpu,67878,0,1,0,0,0,0,1,2590000
nn_kernel_gpu,157,1,1,0,0,0,0,1,2590000
nn_kernel_gpu_mem,7211,1,1,20720000,10360000,10360000,20720000,1,2590000
nn_kernel_cpu,67667,0,1,0,0,0,0,1,2600000
nn_kernel_gpu,170,1,1,0,0,0,0,1,2600000
nn_kernel_gpu_mem,7211,1,1,20800000,10400000,10400000,20800000,1,2600000
nn_kernel_cpu,67667,0,1,0,0,0,0,1,2600000
nn_kernel_gpu,170,1,1,0,0,0,0,1,2600000
nn_kernel_gpu_mem,7211,1,1,20800000,10400000,10400000,20800000,1,2600000
nn_kernel_cpu,67667,0,1,0,0,0,0,1,2600000
nn_kernel_gpu,170,1,1,0,0,0,0,1,2600000
nn_kernel_gpu_mem,7211,1,1,20800000,10400000,10400000,20800000,1,2600000
nn_kernel_cpu,67339,0,1,0,0,0,0,1,2610000
nn_kernel_gpu,114,1,1,0,0,0,0,1,2610000
nn_kernel_gpu_mem,7184,1,1,20880000,10440000,10440000,20880000,1,2610000
nn_kernel_cpu,67339,0,1,0,0,0,0,1,2610000
nn_kernel_gpu,114,1,1,0,0,0,0,1,2610000
nn_kernel_gpu_mem,7184,1,1,20880000,10440000,10440000,20880000,1,2610000
nn_kernel_cpu,67339,0,1,0,0,0,0,1,2610000
nn_kernel_gpu,114,1,1,0,0,0,0,1,2610000
nn_kernel_gpu_mem,7184,1,1,20880000,10440000,10440000,20880000,1,2610000
nn_kernel_cpu,67339,0,1,0,0,0,0,1,2610000
nn_kernel_gpu,114,1,1,0,0,0,0,1,2610000
nn_kernel_gpu_mem,7184,1,1,20880000,10440000,10440000,20880000,1,2610000
nn_kernel_cpu,67339,0,1,0,0,0,0,1,2610000
nn_kernel_gpu,114,1,1,0,0,0,0,1,2610000
nn_kernel_gpu_mem,7184,1,1,20880000,10440000,10440000,20880000,1,2610000
nn_kernel_cpu,68090,0,1,0,0,0,0,1,2620000
nn_kernel_gpu,157,1,1,0,0,0,0,1,2620000
nn_kernel_gpu_mem,7248,1,1,20960000,10480000,10480000,20960000,1,2620000
nn_kernel_cpu,67339,0,1,0,0,0,0,1,2610000
nn_kernel_gpu,114,1,1,0,0,0,0,1,2610000
nn_kernel_gpu_mem,7184,1,1,20880000,10440000,10440000,20880000,1,2610000
nn_kernel_cpu,66756,0,1,0,0,0,0,1,2630000
nn_kernel_gpu,134,1,1,0,0,0,0,1,2630000
nn_kernel_gpu_mem,7559,1,1,21040000,10520000,10520000,21040000,1,2630000
nn_kernel_cpu,66756,0,1,0,0,0,0,1,2630000
nn_kernel_gpu,134,1,1,0,0,0,0,1,2630000
nn_kernel_gpu_mem,7559,1,1,21040000,10520000,10520000,21040000,1,2630000
nn_kernel_cpu,66756,0,1,0,0,0,0,1,2630000
nn_kernel_gpu,134,1,1,0,0,0,0,1,2630000
nn_kernel_gpu_mem,7559,1,1,21040000,10520000,10520000,21040000,1,2630000
nn_kernel_cpu,68189,0,1,0,0,0,0,1,13690000
nn_kernel_gpu,340,1,1,0,0,0,0,1,13690000
nn_kernel_gpu_mem,25807,1,1,109520000,54760000,54760000,109520000,1,13690000
nn_kernel_cpu,67838,0,1,0,0,0,0,1,2640000
nn_kernel_gpu,112,1,1,0,0,0,0,1,2640000
nn_kernel_gpu_mem,7486,1,1,21120000,10560000,10560000,21120000,1,2640000
nn_kernel_cpu,67838,0,1,0,0,0,0,1,2640000
nn_kernel_gpu,112,1,1,0,0,0,0,1,2640000
nn_kernel_gpu_mem,7486,1,1,21120000,10560000,10560000,21120000,1,2640000
nn_kernel_cpu,67838,0,1,0,0,0,0,1,2640000
nn_kernel_gpu,112,1,1,0,0,0,0,1,2640000
nn_kernel_gpu_mem,7486,1,1,21120000,10560000,10560000,21120000,1,2640000
nn_kernel_cpu,67838,0,1,0,0,0,0,1,2640000
nn_kernel_gpu,112,1,1,0,0,0,0,1,2640000
nn_kernel_gpu_mem,7486,1,1,21120000,10560000,10560000,21120000,1,2640000
nn_kernel_cpu,67838,0,1,0,0,0,0,1,2640000
nn_kernel_gpu,112,1,1,0,0,0,0,1,2640000
nn_kernel_gpu_mem,7486,1,1,21120000,10560000,10560000,21120000,1,2640000
nn_kernel_cpu,67838,0,1,0,0,0,0,1,2640000
nn_kernel_gpu,112,1,1,0,0,0,0,1,2640000
nn_kernel_gpu_mem,7486,1,1,21120000,10560000,10560000,21120000,1,2640000
nn_kernel_cpu,67838,0,1,0,0,0,0,1,2640000
nn_kernel_gpu,112,1,1,0,0,0,0,1,2640000
nn_kernel_gpu_mem,7486,1,1,21120000,10560000,10560000,21120000,1,2640000
nn_kernel_cpu,66776,0,1,0,0,0,0,1,2650000
nn_kernel_gpu,131,1,1,0,0,0,0,1,2650000
nn_kernel_gpu_mem,7743,1,1,21200000,10600000,10600000,21200000,1,2650000
nn_kernel_cpu,66776,0,1,0,0,0,0,1,2650000
nn_kernel_gpu,131,1,1,0,0,0,0,1,2650000
nn_kernel_gpu_mem,7743,1,1,21200000,10600000,10600000,21200000,1,2650000
nn_kernel_cpu,66776,0,1,0,0,0,0,1,2650000
nn_kernel_gpu,131,1,1,0,0,0,0,1,2650000
nn_kernel_gpu_mem,7743,1,1,21200000,10600000,10600000,21200000,1,2650000
nn_kernel_cpu,66550,0,1,0,0,0,0,1,2660000
nn_kernel_gpu,160,1,1,0,0,0,0,1,2660000
nn_kernel_gpu_mem,7485,1,1,21280000,10640000,10640000,21280000,1,2660000
nn_kernel_cpu,66550,0,1,0,0,0,0,1,2660000
nn_kernel_gpu,160,1,1,0,0,0,0,1,2660000
nn_kernel_gpu_mem,7485,1,1,21280000,10640000,10640000,21280000,1,2660000
nn_kernel_cpu,66550,0,1,0,0,0,0,1,2660000
nn_kernel_gpu,160,1,1,0,0,0,0,1,2660000
nn_kernel_gpu_mem,7485,1,1,21280000,10640000,10640000,21280000,1,2660000
nn_kernel_cpu,66550,0,1,0,0,0,0,1,2660000
nn_kernel_gpu,160,1,1,0,0,0,0,1,2660000
nn_kernel_gpu_mem,7485,1,1,21280000,10640000,10640000,21280000,1,2660000
nn_kernel_cpu,66550,0,1,0,0,0,0,1,2660000
nn_kernel_gpu,160,1,1,0,0,0,0,1,2660000
nn_kernel_gpu_mem,7485,1,1,21280000,10640000,10640000,21280000,1,2660000
nn_kernel_cpu,66550,0,1,0,0,0,0,1,2660000
nn_kernel_gpu,160,1,1,0,0,0,0,1,2660000
nn_kernel_gpu_mem,7485,1,1,21280000,10640000,10640000,21280000,1,2660000
nn_kernel_cpu,67348,0,1,0,0,0,0,1,2670000
nn_kernel_gpu,126,1,1,0,0,0,0,1,2670000
nn_kernel_gpu_mem,7496,1,1,21360000,10680000,10680000,21360000,1,2670000
nn_kernel_cpu,67348,0,1,0,0,0,0,1,2670000
nn_kernel_gpu,126,1,1,0,0,0,0,1,2670000
nn_kernel_gpu_mem,7496,1,1,21360000,10680000,10680000,21360000,1,2670000
nn_kernel_cpu,67321,0,1,0,0,0,0,1,2660000
nn_kernel_gpu,108,1,1,0,0,0,0,1,2660000
nn_kernel_gpu_mem,6806,1,1,21280000,10640000,10640000,21280000,1,2660000
nn_kernel_cpu,67348,0,1,0,0,0,0,1,2670000
nn_kernel_gpu,126,1,1,0,0,0,0,1,2670000
nn_kernel_gpu_mem,7496,1,1,21360000,10680000,10680000,21360000,1,2670000
nn_kernel_cpu,67248,0,1,0,0,0,0,1,2680000
nn_kernel_gpu,108,1,1,0,0,0,0,1,2680000
nn_kernel_gpu_mem,7686,1,1,21440000,10720000,10720000,21440000,1,2680000
nn_kernel_cpu,67248,0,1,0,0,0,0,1,2680000
nn_kernel_gpu,108,1,1,0,0,0,0,1,2680000
nn_kernel_gpu_mem,7686,1,1,21440000,10720000,10720000,21440000,1,2680000
nn_kernel_cpu,67248,0,1,0,0,0,0,1,2680000
nn_kernel_gpu,108,1,1,0,0,0,0,1,2680000
nn_kernel_gpu_mem,7686,1,1,21440000,10720000,10720000,21440000,1,2680000
nn_kernel_cpu,67248,0,1,0,0,0,0,1,2680000
nn_kernel_gpu,108,1,1,0,0,0,0,1,2680000
nn_kernel_gpu_mem,7686,1,1,21440000,10720000,10720000,21440000,1,2680000
nn_kernel_cpu,67248,0,1,0,0,0,0,1,2680000
nn_kernel_gpu,108,1,1,0,0,0,0,1,2680000
nn_kernel_gpu_mem,7686,1,1,21440000,10720000,10720000,21440000,1,2680000
nn_kernel_cpu,67440,0,1,0,0,0,0,1,2690000
nn_kernel_gpu,191,1,1,0,0,0,0,1,2690000
nn_kernel_gpu_mem,7548,1,1,21520000,10760000,10760000,21520000,1,2690000
nn_kernel_cpu,67377,0,1,0,0,0,0,1,2700000
nn_kernel_gpu,134,1,1,0,0,0,0,1,2700000
nn_kernel_gpu_mem,7685,1,1,21600000,10800000,10800000,21600000,1,2700000
nn_kernel_cpu,67377,0,1,0,0,0,0,1,2700000
nn_kernel_gpu,134,1,1,0,0,0,0,1,2700000
nn_kernel_gpu_mem,7685,1,1,21600000,10800000,10800000,21600000,1,2700000
nn_kernel_cpu,67377,0,1,0,0,0,0,1,2700000
nn_kernel_gpu,134,1,1,0,0,0,0,1,2700000
nn_kernel_gpu_mem,7685,1,1,21600000,10800000,10800000,21600000,1,2700000
nn_kernel_cpu,67377,0,1,0,0,0,0,1,2700000
nn_kernel_gpu,134,1,1,0,0,0,0,1,2700000
nn_kernel_gpu_mem,7685,1,1,21600000,10800000,10800000,21600000,1,2700000
nn_kernel_cpu,66330,0,1,0,0,0,0,1,270000
nn_kernel_gpu,77,1,1,0,0,0,0,1,270000
nn_kernel_gpu_mem,2690,1,1,2160000,1080000,1080000,2160000,1,270000
nn_kernel_cpu,66330,0,1,0,0,0,0,1,270000
nn_kernel_gpu,77,1,1,0,0,0,0,1,270000
nn_kernel_gpu_mem,2690,1,1,2160000,1080000,1080000,2160000,1,270000
nn_kernel_cpu,66330,0,1,0,0,0,0,1,270000
nn_kernel_gpu,77,1,1,0,0,0,0,1,270000
nn_kernel_gpu_mem,2690,1,1,2160000,1080000,1080000,2160000,1,270000
nn_kernel_cpu,66330,0,1,0,0,0,0,1,270000
nn_kernel_gpu,77,1,1,0,0,0,0,1,270000
nn_kernel_gpu_mem,2690,1,1,2160000,1080000,1080000,2160000,1,270000
nn_kernel_cpu,66330,0,1,0,0,0,0,1,270000
nn_kernel_gpu,77,1,1,0,0,0,0,1,270000
nn_kernel_gpu_mem,2690,1,1,2160000,1080000,1080000,2160000,1,270000
nn_kernel_cpu,66330,0,1,0,0,0,0,1,270000
nn_kernel_gpu,77,1,1,0,0,0,0,1,270000
nn_kernel_gpu_mem,2690,1,1,2160000,1080000,1080000,2160000,1,270000
nn_kernel_cpu,67344,0,1,0,0,0,0,1,2710000
nn_kernel_gpu,130,1,1,0,0,0,0,1,2710000
nn_kernel_gpu_mem,7474,1,1,21680000,10840000,10840000,21680000,1,2710000
nn_kernel_cpu,72197,0,1,0,0,0,0,1,13700000
nn_kernel_gpu,345,1,1,0,0,0,0,1,13700000
nn_kernel_gpu_mem,25832,1,1,109600000,54800000,54800000,109600000,1,13700000
nn_kernel_cpu,67344,0,1,0,0,0,0,1,2710000
nn_kernel_gpu,130,1,1,0,0,0,0,1,2710000
nn_kernel_gpu_mem,7474,1,1,21680000,10840000,10840000,21680000,1,2710000
nn_kernel_cpu,67344,0,1,0,0,0,0,1,2710000
nn_kernel_gpu,130,1,1,0,0,0,0,1,2710000
nn_kernel_gpu_mem,7474,1,1,21680000,10840000,10840000,21680000,1,2710000
nn_kernel_cpu,67387,0,1,0,0,0,0,1,2720000
nn_kernel_gpu,188,1,1,0,0,0,0,1,2720000
nn_kernel_gpu_mem,7454,1,1,21760000,10880000,10880000,21760000,1,2720000
nn_kernel_cpu,67387,0,1,0,0,0,0,1,2720000
nn_kernel_gpu,188,1,1,0,0,0,0,1,2720000
nn_kernel_gpu_mem,7454,1,1,21760000,10880000,10880000,21760000,1,2720000
nn_kernel_cpu,67387,0,1,0,0,0,0,1,2720000
nn_kernel_gpu,188,1,1,0,0,0,0,1,2720000
nn_kernel_gpu_mem,7454,1,1,21760000,10880000,10880000,21760000,1,2720000
nn_kernel_cpu,67387,0,1,0,0,0,0,1,2720000
nn_kernel_gpu,188,1,1,0,0,0,0,1,2720000
nn_kernel_gpu_mem,7454,1,1,21760000,10880000,10880000,21760000,1,2720000
nn_kernel_cpu,67387,0,1,0,0,0,0,1,2720000
nn_kernel_gpu,188,1,1,0,0,0,0,1,2720000
nn_kernel_gpu_mem,7454,1,1,21760000,10880000,10880000,21760000,1,2720000
nn_kernel_cpu,67387,0,1,0,0,0,0,1,2720000
nn_kernel_gpu,188,1,1,0,0,0,0,1,2720000
nn_kernel_gpu_mem,7454,1,1,21760000,10880000,10880000,21760000,1,2720000
nn_kernel_cpu,66676,0,1,0,0,0,0,1,2710000
nn_kernel_gpu,115,1,1,0,0,0,0,1,2710000
nn_kernel_gpu_mem,6982,1,1,21680000,10840000,10840000,21680000,1,2710000
nn_kernel_cpu,68267,0,1,0,0,0,0,1,2730000
nn_kernel_gpu,134,1,1,0,0,0,0,1,2730000
nn_kernel_gpu_mem,7566,1,1,21840000,10920000,10920000,21840000,1,2730000
nn_kernel_cpu,68267,0,1,0,0,0,0,1,2730000
nn_kernel_gpu,134,1,1,0,0,0,0,1,2730000
nn_kernel_gpu_mem,7566,1,1,21840000,10920000,10920000,21840000,1,2730000
nn_kernel_cpu,68267,0,1,0,0,0,0,1,2730000
nn_kernel_gpu,134,1,1,0,0,0,0,1,2730000
nn_kernel_gpu_mem,7566,1,1,21840000,10920000,10920000,21840000,1,2730000
nn_kernel_cpu,68322,0,1,0,0,0,0,1,2740000
nn_kernel_gpu,113,1,1,0,0,0,0,1,2740000
nn_kernel_gpu_mem,6548,1,1,21920000,10960000,10960000,21920000,1,2740000
nn_kernel_cpu,68322,0,1,0,0,0,0,1,2740000
nn_kernel_gpu,113,1,1,0,0,0,0,1,2740000
nn_kernel_gpu_mem,6548,1,1,21920000,10960000,10960000,21920000,1,2740000
nn_kernel_cpu,68322,0,1,0,0,0,0,1,2740000
nn_kernel_gpu,113,1,1,0,0,0,0,1,2740000
nn_kernel_gpu_mem,6548,1,1,21920000,10960000,10960000,21920000,1,2740000
nn_kernel_cpu,68322,0,1,0,0,0,0,1,2740000
nn_kernel_gpu,113,1,1,0,0,0,0,1,2740000
nn_kernel_gpu_mem,6548,1,1,21920000,10960000,10960000,21920000,1,2740000
nn_kernel_cpu,68322,0,1,0,0,0,0,1,2740000
nn_kernel_gpu,113,1,1,0,0,0,0,1,2740000
nn_kernel_gpu_mem,6548,1,1,21920000,10960000,10960000,21920000,1,2740000
nn_kernel_cpu,66923,0,1,0,0,0,0,1,2750000
nn_kernel_gpu,111,1,1,0,0,0,0,1,2750000
nn_kernel_gpu_mem,7673,1,1,22000000,11000000,11000000,22000000,1,2750000
nn_kernel_cpu,66923,0,1,0,0,0,0,1,2750000
nn_kernel_gpu,111,1,1,0,0,0,0,1,2750000
nn_kernel_gpu_mem,7673,1,1,22000000,11000000,11000000,22000000,1,2750000
nn_kernel_cpu,67929,0,1,0,0,0,0,1,2760000
nn_kernel_gpu,170,1,1,0,0,0,0,1,2760000
nn_kernel_gpu_mem,7769,1,1,22080000,11040000,11040000,22080000,1,2760000
nn_kernel_cpu,67929,0,1,0,0,0,0,1,2760000
nn_kernel_gpu,170,1,1,0,0,0,0,1,2760000
nn_kernel_gpu_mem,7769,1,1,22080000,11040000,11040000,22080000,1,2760000
nn_kernel_cpu,67929,0,1,0,0,0,0,1,2760000
nn_kernel_gpu,170,1,1,0,0,0,0,1,2760000
nn_kernel_gpu_mem,7769,1,1,22080000,11040000,11040000,22080000,1,2760000
nn_kernel_cpu,67929,0,1,0,0,0,0,1,2760000
nn_kernel_gpu,170,1,1,0,0,0,0,1,2760000
nn_kernel_gpu_mem,7769,1,1,22080000,11040000,11040000,22080000,1,2760000
nn_kernel_cpu,67585,0,1,0,0,0,0,1,2770000
nn_kernel_gpu,107,1,1,0,0,0,0,1,2770000
nn_kernel_gpu_mem,6602,1,1,22160000,11080000,11080000,22160000,1,2770000
nn_kernel_cpu,67585,0,1,0,0,0,0,1,2770000
nn_kernel_gpu,107,1,1,0,0,0,0,1,2770000
nn_kernel_gpu_mem,6602,1,1,22160000,11080000,11080000,22160000,1,2770000
nn_kernel_cpu,67585,0,1,0,0,0,0,1,2770000
nn_kernel_gpu,107,1,1,0,0,0,0,1,2770000
nn_kernel_gpu_mem,6602,1,1,22160000,11080000,11080000,22160000,1,2770000
nn_kernel_cpu,67585,0,1,0,0,0,0,1,2770000
nn_kernel_gpu,107,1,1,0,0,0,0,1,2770000
nn_kernel_gpu_mem,6602,1,1,22160000,11080000,11080000,22160000,1,2770000
nn_kernel_cpu,67585,0,1,0,0,0,0,1,2770000
nn_kernel_gpu,107,1,1,0,0,0,0,1,2770000
nn_kernel_gpu_mem,6602,1,1,22160000,11080000,11080000,22160000,1,2770000
nn_kernel_cpu,67585,0,1,0,0,0,0,1,2770000
nn_kernel_gpu,107,1,1,0,0,0,0,1,2770000
nn_kernel_gpu_mem,6602,1,1,22160000,11080000,11080000,22160000,1,2770000
nn_kernel_cpu,67355,0,1,0,0,0,0,1,2780000
nn_kernel_gpu,133,1,1,0,0,0,0,1,2780000
nn_kernel_gpu_mem,6589,1,1,22240000,11120000,11120000,22240000,1,2780000
nn_kernel_cpu,67355,0,1,0,0,0,0,1,2780000
nn_kernel_gpu,133,1,1,0,0,0,0,1,2780000
nn_kernel_gpu_mem,6589,1,1,22240000,11120000,11120000,22240000,1,2780000
nn_kernel_cpu,67355,0,1,0,0,0,0,1,2780000
nn_kernel_gpu,133,1,1,0,0,0,0,1,2780000
nn_kernel_gpu_mem,6589,1,1,22240000,11120000,11120000,22240000,1,2780000
nn_kernel_cpu,67355,0,1,0,0,0,0,1,2780000
nn_kernel_gpu,133,1,1,0,0,0,0,1,2780000
nn_kernel_gpu_mem,6589,1,1,22240000,11120000,11120000,22240000,1,2780000
nn_kernel_cpu,67101,0,1,0,0,0,0,1,2790000
nn_kernel_gpu,112,1,1,0,0,0,0,1,2790000
nn_kernel_gpu_mem,6661,1,1,22320000,11160000,11160000,22320000,1,2790000

nn_kernel_cpu,67101,0,1,0,0,0,0,1,2790000
nn_kernel_gpu,112,1,1,0,0,0,0,1,2790000
nn_kernel_gpu_mem,6661,1,1,22320000,11160000,11160000,22320000,1,2790000

nn_kernel_cpu,67101,0,1,0,0,0,0,1,2790000
nn_kernel_gpu,112,1,1,0,0,0,0,1,2790000
nn_kernel_gpu_mem,6661,1,1,22320000,11160000,11160000,22320000,1,2790000

nn_kernel_cpu,67101,0,1,0,0,0,0,1,2790000
nn_kernel_gpu,112,1,1,0,0,0,0,1,2790000
nn_kernel_gpu_mem,6661,1,1,22320000,11160000,11160000,22320000,1,2790000

nn_kernel_cpu,67101,0,1,0,0,0,0,1,2790000
nn_kernel_gpu,112,1,1,0,0,0,0,1,2790000
nn_kernel_gpu_mem,6661,1,1,22320000,11160000,11160000,22320000,1,2790000

nn_kernel_cpu,67390,0,1,0,0,0,0,1,2790000
nn_kernel_gpu,190,1,1,0,0,0,0,1,2790000
nn_kernel_gpu_mem,7229,1,1,22320000,11160000,11160000,22320000,1,2790000

nn_kernel_cpu,76011,0,1,0,0,0,0,1,13710000
nn_kernel_gpu,335,1,1,0,0,0,0,1,13710000
nn_kernel_gpu_mem,26007,1,1,109680000,54840000,54840000,109680000,1,13710000
nn_kernel_cpu,66809,0,1,0,0,0,0,1,280000
nn_kernel_gpu,63,1,1,0,0,0,0,1,280000
nn_kernel_gpu_mem,2214,1,1,2240000,1120000,1120000,2240000,1,280000
nn_kernel_cpu,66809,0,1,0,0,0,0,1,280000
nn_kernel_gpu,63,1,1,0,0,0,0,1,280000
nn_kernel_gpu_mem,2214,1,1,2240000,1120000,1120000,2240000,1,280000
nn_kernel_cpu,66809,0,1,0,0,0,0,1,280000
nn_kernel_gpu,63,1,1,0,0,0,0,1,280000
nn_kernel_gpu_mem,2214,1,1,2240000,1120000,1120000,2240000,1,280000
nn_kernel_cpu,66809,0,1,0,0,0,0,1,280000
nn_kernel_gpu,63,1,1,0,0,0,0,1,280000
nn_kernel_gpu_mem,2214,1,1,2240000,1120000,1120000,2240000,1,280000
nn_kernel_cpu,66809,0,1,0,0,0,0,1,280000
nn_kernel_gpu,63,1,1,0,0,0,0,1,280000
nn_kernel_gpu_mem,2214,1,1,2240000,1120000,1120000,2240000,1,280000
nn_kernel_cpu,67654,0,1,0,0,0,0,1,2800000
nn_kernel_gpu,129,1,1,0,0,0,0,1,2800000
nn_kernel_gpu_mem,6615,1,1,22400000,11200000,11200000,22400000,1,2800000
nn_kernel_cpu,67654,0,1,0,0,0,0,1,2800000
nn_kernel_gpu,129,1,1,0,0,0,0,1,2800000
nn_kernel_gpu_mem,6615,1,1,22400000,11200000,11200000,22400000,1,2800000
nn_kernel_cpu,67654,0,1,0,0,0,0,1,2800000
nn_kernel_gpu,129,1,1,0,0,0,0,1,2800000
nn_kernel_gpu_mem,6615,1,1,22400000,11200000,11200000,22400000,1,2800000
nn_kernel_cpu,67654,0,1,0,0,0,0,1,2800000
nn_kernel_gpu,129,1,1,0,0,0,0,1,2800000
nn_kernel_gpu_mem,6615,1,1,22400000,11200000,11200000,22400000,1,2800000
nn_kernel_cpu,68337,0,1,0,0,0,0,1,2810000
nn_kernel_gpu,134,1,1,0,0,0,0,1,2810000
nn_kernel_gpu_mem,6658,1,1,22480000,11240000,11240000,22480000,1,2810000
nn_kernel_cpu,67794,0,1,0,0,0,0,1,2820000
nn_kernel_gpu,113,1,1,0,0,0,0,1,2820000
nn_kernel_gpu_mem,6623,1,1,22560000,11280000,11280000,22560000,1,2820000
nn_kernel_cpu,67794,0,1,0,0,0,0,1,2820000
nn_kernel_gpu,113,1,1,0,0,0,0,1,2820000
nn_kernel_gpu_mem,6623,1,1,22560000,11280000,11280000,22560000,1,2820000
nn_kernel_cpu,67794,0,1,0,0,0,0,1,2820000
nn_kernel_gpu,113,1,1,0,0,0,0,1,2820000
nn_kernel_gpu_mem,6623,1,1,22560000,11280000,11280000,22560000,1,2820000
nn_kernel_cpu,67794,0,1,0,0,0,0,1,2820000
nn_kernel_gpu,113,1,1,0,0,0,0,1,2820000
nn_kernel_gpu_mem,6623,1,1,22560000,11280000,11280000,22560000,1,2820000
nn_kernel_cpu,40818,0,1,0,0,0,0,1,2820000
nn_kernel_gpu,115,1,1,0,0,0,0,1,2820000
nn_kernel_gpu_mem,7033,1,1,22560000,11280000,11280000,22560000,1,2820000
nn_kernel_cpu,67449,0,1,0,0,0,0,1,2830000
nn_kernel_gpu,175,1,1,0,0,0,0,1,2830000
nn_kernel_gpu_mem,6669,1,1,22640000,11320000,11320000,22640000,1,2830000
nn_kernel_cpu,67449,0,1,0,0,0,0,1,2830000
nn_kernel_gpu,175,1,1,0,0,0,0,1,2830000
nn_kernel_gpu_mem,6669,1,1,22640000,11320000,11320000,22640000,1,2830000
nn_kernel_cpu,67449,0,1,0,0,0,0,1,2830000
nn_kernel_gpu,175,1,1,0,0,0,0,1,2830000
nn_kernel_gpu_mem,6669,1,1,22640000,11320000,11320000,22640000,1,2830000
nn_kernel_cpu,67449,0,1,0,0,0,0,1,2830000
nn_kernel_gpu,175,1,1,0,0,0,0,1,2830000
nn_kernel_gpu_mem,6669,1,1,22640000,11320000,11320000,22640000,1,2830000
nn_kernel_cpu,67747,0,1,0,0,0,0,1,2840000
nn_kernel_gpu,130,1,1,0,0,0,0,1,2840000
nn_kernel_gpu_mem,6729,1,1,22720000,11360000,11360000,22720000,1,2840000
nn_kernel_cpu,67750,0,1,0,0,0,0,1,2850000
nn_kernel_gpu,166,1,1,0,0,0,0,1,2850000
nn_kernel_gpu_mem,6721,1,1,22800000,11400000,11400000,22800000,1,2850000
nn_kernel_cpu,67750,0,1,0,0,0,0,1,2850000
nn_kernel_gpu,166,1,1,0,0,0,0,1,2850000
nn_kernel_gpu_mem,6721,1,1,22800000,11400000,11400000,22800000,1,2850000
nn_kernel_cpu,67750,0,1,0,0,0,0,1,2850000
nn_kernel_gpu,166,1,1,0,0,0,0,1,2850000
nn_kernel_gpu_mem,6721,1,1,22800000,11400000,11400000,22800000,1,2850000
nn_kernel_cpu,67750,0,1,0,0,0,0,1,2850000
nn_kernel_gpu,166,1,1,0,0,0,0,1,2850000
nn_kernel_gpu_mem,6721,1,1,22800000,11400000,11400000,22800000,1,2850000
nn_kernel_cpu,67570,0,1,0,0,0,0,1,2860000
nn_kernel_gpu,173,1,1,0,0,0,0,1,2860000
nn_kernel_gpu_mem,7070,1,1,22880000,11440000,11440000,22880000,1,2860000
nn_kernel_cpu,67424,0,1,0,0,0,0,1,2870000
nn_kernel_gpu,131,1,1,0,0,0,0,1,2870000
nn_kernel_gpu_mem,6638,1,1,22960000,11480000,11480000,22960000,1,2870000
nn_kernel_cpu,67424,0,1,0,0,0,0,1,2870000
nn_kernel_gpu,131,1,1,0,0,0,0,1,2870000
nn_kernel_gpu_mem,6638,1,1,22960000,11480000,11480000,22960000,1,2870000
nn_kernel_cpu,67424,0,1,0,0,0,0,1,2870000
nn_kernel_gpu,131,1,1,0,0,0,0,1,2870000
nn_kernel_gpu_mem,6638,1,1,22960000,11480000,11480000,22960000,1,2870000
nn_kernel_cpu,67424,0,1,0,0,0,0,1,2870000
nn_kernel_gpu,131,1,1,0,0,0,0,1,2870000
nn_kernel_gpu_mem,6638,1,1,22960000,11480000,11480000,22960000,1,2870000
nn_kernel_cpu,67542,0,1,0,0,0,0,1,290000
nn_kernel_gpu,80,1,1,0,0,0,0,1,290000
nn_kernel_gpu_mem,2212,1,1,2320000,1160000,1160000,2320000,1,290000
nn_kernel_cpu,67542,0,1,0,0,0,0,1,290000
nn_kernel_gpu,80,1,1,0,0,0,0,1,290000
nn_kernel_gpu_mem,2212,1,1,2320000,1160000,1160000,2320000,1,290000
nn_kernel_cpu,67542,0,1,0,0,0,0,1,290000
nn_kernel_gpu,80,1,1,0,0,0,0,1,290000
nn_kernel_gpu_mem,2212,1,1,2320000,1160000,1160000,2320000,1,290000
nn_kernel_cpu,67542,0,1,0,0,0,0,1,290000
nn_kernel_gpu,80,1,1,0,0,0,0,1,290000
nn_kernel_gpu_mem,2212,1,1,2320000,1160000,1160000,2320000,1,290000
nn_kernel_cpu,67255,0,1,0,0,0,0,1,2880000
nn_kernel_gpu,197,1,1,0,0,0,0,1,2880000
nn_kernel_gpu_mem,6762,1,1,23040000,11520000,11520000,23040000,1,2880000
nn_kernel_cpu,67883,0,1,0,0,0,0,1,2890000
nn_kernel_gpu,164,1,1,0,0,0,0,1,2890000
nn_kernel_gpu_mem,6796,1,1,23120000,11560000,11560000,23120000,1,2890000
nn_kernel_cpu,67883,0,1,0,0,0,0,1,2890000
nn_kernel_gpu,164,1,1,0,0,0,0,1,2890000
nn_kernel_gpu_mem,6796,1,1,23120000,11560000,11560000,23120000,1,2890000
nn_kernel_cpu,67883,0,1,0,0,0,0,1,2890000
nn_kernel_gpu,164,1,1,0,0,0,0,1,2890000
nn_kernel_gpu_mem,6796,1,1,23120000,11560000,11560000,23120000,1,2890000
nn_kernel_cpu,67883,0,1,0,0,0,0,1,2890000
nn_kernel_gpu,164,1,1,0,0,0,0,1,2890000
nn_kernel_gpu_mem,6796,1,1,23120000,11560000,11560000,23120000,1,2890000
nn_kernel_cpu,62678,0,1,0,0,0,0,1,2900000
nn_kernel_gpu,178,1,1,0,0,0,0,1,2900000
nn_kernel_gpu_mem,6837,1,1,23200000,11600000,11600000,23200000,1,2900000
nn_kernel_cpu,68644,0,1,0,0,0,0,1,13720000
nn_kernel_gpu,335,1,1,0,0,0,0,1,13720000
nn_kernel_gpu_mem,25898,1,1,109760000,54880000,54880000,109760000,1,13720000
nn_kernel_cpu,66849,0,1,0,0,0,0,1,2910000
nn_kernel_gpu,134,1,1,0,0,0,0,1,2910000
nn_kernel_gpu_mem,6821,1,1,23280000,11640000,11640000,23280000,1,2910000
nn_kernel_cpu,66849,0,1,0,0,0,0,1,2910000
nn_kernel_gpu,134,1,1,0,0,0,0,1,2910000
nn_kernel_gpu_mem,6821,1,1,23280000,11640000,11640000,23280000,1,2910000
nn_kernel_cpu,66849,0,1,0,0,0,0,1,2910000
nn_kernel_gpu,134,1,1,0,0,0,0,1,2910000
nn_kernel_gpu_mem,6821,1,1,23280000,11640000,11640000,23280000,1,2910000
nn_kernel_cpu,66849,0,1,0,0,0,0,1,2910000
nn_kernel_gpu,134,1,1,0,0,0,0,1,2910000
nn_kernel_gpu_mem,6821,1,1,23280000,11640000,11640000,23280000,1,2910000
nn_kernel_cpu,67435,0,1,0,0,0,0,1,2920000
nn_kernel_gpu,138,1,1,0,0,0,0,1,2920000
nn_kernel_gpu_mem,6886,1,1,23360000,11680000,11680000,23360000,1,2920000
nn_kernel_cpu,67074,0,1,0,0,0,0,1,2930000
nn_kernel_gpu,164,1,1,0,0,0,0,1,2930000
nn_kernel_gpu_mem,6940,1,1,23440000,11720000,11720000,23440000,1,2930000
nn_kernel_cpu,67074,0,1,0,0,0,0,1,2930000
nn_kernel_gpu,164,1,1,0,0,0,0,1,2930000
nn_kernel_gpu_mem,6940,1,1,23440000,11720000,11720000,23440000,1,2930000
nn_kernel_cpu,67074,0,1,0,0,0,0,1,2930000
nn_kernel_gpu,164,1,1,0,0,0,0,1,2930000
nn_kernel_gpu_mem,6940,1,1,23440000,11720000,11720000,23440000,1,2930000
nn_kernel_cpu,67074,0,1,0,0,0,0,1,2930000
nn_kernel_gpu,164,1,1,0,0,0,0,1,2930000
nn_kernel_gpu_mem,6940,1,1,23440000,11720000,11720000,23440000,1,2930000
nn_kernel_cpu,75371,0,1,0,0,0,0,1,2940000
nn_kernel_gpu,174,1,1,0,0,0,0,1,2940000
nn_kernel_gpu_mem,7036,1,1,23520000,11760000,11760000,23520000,1,2940000
nn_kernel_cpu,70539,0,1,0,0,0,0,1,2950000
nn_kernel_gpu,131,1,1,0,0,0,0,1,2950000
nn_kernel_gpu_mem,6917,1,1,23600000,11800000,11800000,23600000,1,2950000
nn_kernel_cpu,70539,0,1,0,0,0,0,1,2950000
nn_kernel_gpu,131,1,1,0,0,0,0,1,2950000
nn_kernel_gpu_mem,6917,1,1,23600000,11800000,11800000,23600000,1,2950000
nn_kernel_cpu,70539,0,1,0,0,0,0,1,2950000
nn_kernel_gpu,131,1,1,0,0,0,0,1,2950000
nn_kernel_gpu_mem,6917,1,1,23600000,11800000,11800000,23600000,1,2950000
nn_kernel_cpu,70539,0,1,0,0,0,0,1,2950000
nn_kernel_gpu,131,1,1,0,0,0,0,1,2950000
nn_kernel_gpu_mem,6917,1,1,23600000,11800000,11800000,23600000,1,2950000
nn_kernel_cpu,67443,0,1,0,0,0,0,1,2970000
nn_kernel_gpu,165,1,1,0,0,0,0,1,2970000
nn_kernel_gpu_mem,6922,1,1,23760000,11880000,11880000,23760000,1,2970000
nn_kernel_cpu,67443,0,1,0,0,0,0,1,2970000
nn_kernel_gpu,165,1,1,0,0,0,0,1,2970000
nn_kernel_gpu_mem,6922,1,1,23760000,11880000,11880000,23760000,1,2970000
nn_kernel_cpu,67443,0,1,0,0,0,0,1,2970000
nn_kernel_gpu,165,1,1,0,0,0,0,1,2970000
nn_kernel_gpu_mem,6922,1,1,23760000,11880000,11880000,23760000,1,2970000
nn_kernel_cpu,68005,0,1,0,0,0,0,1,2960000
nn_kernel_gpu,193,1,1,0,0,0,0,1,2960000
nn_kernel_gpu_mem,7612,1,1,23680000,11840000,11840000,23680000,1,2960000
nn_kernel_cpu,67443,0,1,0,0,0,0,1,2970000
nn_kernel_gpu,165,1,1,0,0,0,0,1,2970000
nn_kernel_gpu_mem,6922,1,1,23760000,11880000,11880000,23760000,1,2970000
nn_kernel_cpu,68123,0,1,0,0,0,0,1,2980000
nn_kernel_gpu,177,1,1,0,0,0,0,1,2980000
nn_kernel_gpu_mem,7085,1,1,23840000,11920000,11920000,23840000,1,2980000
nn_kernel_cpu,67525,0,1,0,0,0,0,1,300000
nn_kernel_gpu,65,1,1,0,0,0,0,1,300000
nn_kernel_gpu_mem,2231,1,1,2400000,1200000,1200000,2400000,1,300000
nn_kernel_cpu,67980,0,1,0,0,0,0,1,2990000
nn_kernel_gpu,132,1,1,0,0,0,0,1,2990000
nn_kernel_gpu_mem,7139,1,1,23920000,11960000,11960000,23920000,1,2990000
nn_kernel_cpu,67980,0,1,0,0,0,0,1,2990000
nn_kernel_gpu,132,1,1,0,0,0,0,1,2990000
nn_kernel_gpu_mem,7139,1,1,23920000,11960000,11960000,23920000,1,2990000
nn_kernel_cpu,67975,0,1,0,0,0,0,1,2990000
nn_kernel_gpu,115,1,1,0,0,0,0,1,2990000
nn_kernel_gpu_mem,7046,1,1,23920000,11960000,11960000,23920000,1,2990000
nn_kernel_cpu,67975,0,1,0,0,0,0,1,2990000
nn_kernel_gpu,115,1,1,0,0,0,0,1,2990000
nn_kernel_gpu_mem,7046,1,1,23920000,11960000,11960000,23920000,1,2990000
nn_kernel_cpu,66591,0,1,0,0,0,0,1,30000
nn_kernel_gpu,74,1,1,0,0,0,0,1,30000
nn_kernel_gpu_mem,767,1,1,240000,120000,120000,240000,1,30000
nn_kernel_cpu,67939,0,1,0,0,0,0,1,3000000
nn_kernel_gpu,191,1,1,0,0,0,0,1,3000000
nn_kernel_gpu_mem,7083,1,1,24000000,12000000,12000000,24000000,1,3000000
nn_kernel_cpu,67939,0,1,0,0,0,0,1,3000000
nn_kernel_gpu,191,1,1,0,0,0,0,1,3000000
nn_kernel_gpu_mem,7083,1,1,24000000,12000000,12000000,24000000,1,3000000
nn_kernel_cpu,67939,0,1,0,0,0,0,1,3000000
nn_kernel_gpu,191,1,1,0,0,0,0,1,3000000
nn_kernel_gpu_mem,7083,1,1,24000000,12000000,12000000,24000000,1,3000000
nn_kernel_cpu,67939,0,1,0,0,0,0,1,3000000
nn_kernel_gpu,191,1,1,0,0,0,0,1,3000000
nn_kernel_gpu_mem,7083,1,1,24000000,12000000,12000000,24000000,1,3000000
nn_kernel_cpu,67939,0,1,0,0,0,0,1,3000000
nn_kernel_gpu,191,1,1,0,0,0,0,1,3000000
nn_kernel_gpu_mem,7083,1,1,24000000,12000000,12000000,24000000,1,3000000
nn_kernel_cpu,66670,0,1,0,0,0,0,1,3010000
nn_kernel_gpu,134,1,1,0,0,0,0,1,3010000
nn_kernel_gpu_mem,7187,1,1,24080000,12040000,12040000,24080000,1,3010000
nn_kernel_cpu,66670,0,1,0,0,0,0,1,3010000
nn_kernel_gpu,134,1,1,0,0,0,0,1,3010000
nn_kernel_gpu_mem,7187,1,1,24080000,12040000,12040000,24080000,1,3010000
nn_kernel_cpu,68379,0,1,0,0,0,0,1,13730000
nn_kernel_gpu,338,1,1,0,0,0,0,1,13730000
nn_kernel_gpu_mem,25762,1,1,109840000,54920000,54920000,109840000,1,13730000
nn_kernel_cpu,66670,0,1,0,0,0,0,1,3010000
nn_kernel_gpu,134,1,1,0,0,0,0,1,3010000
nn_kernel_gpu_mem,7187,1,1,24080000,12040000,12040000,24080000,1,3010000
nn_kernel_cpu,64371,0,1,0,0,0,0,1,3020000
nn_kernel_gpu,138,1,1,0,0,0,0,1,3020000
nn_kernel_gpu_mem,7121,1,1,24160000,12080000,12080000,24160000,1,3020000
nn_kernel_cpu,64371,0,1,0,0,0,0,1,3020000
nn_kernel_gpu,138,1,1,0,0,0,0,1,3020000
nn_kernel_gpu_mem,7121,1,1,24160000,12080000,12080000,24160000,1,3020000
nn_kernel_cpu,64371,0,1,0,0,0,0,1,3020000
nn_kernel_gpu,138,1,1,0,0,0,0,1,3020000
nn_kernel_gpu_mem,7121,1,1,24160000,12080000,12080000,24160000,1,3020000
nn_kernel_cpu,64371,0,1,0,0,0,0,1,3020000
nn_kernel_gpu,138,1,1,0,0,0,0,1,3020000
nn_kernel_gpu_mem,7121,1,1,24160000,12080000,12080000,24160000,1,3020000
nn_kernel_cpu,64371,0,1,0,0,0,0,1,3020000
nn_kernel_gpu,138,1,1,0,0,0,0,1,3020000
nn_kernel_gpu_mem,7121,1,1,24160000,12080000,12080000,24160000,1,3020000
nn_kernel_cpu,64371,0,1,0,0,0,0,1,3020000
nn_kernel_gpu,138,1,1,0,0,0,0,1,3020000
nn_kernel_gpu_mem,7121,1,1,24160000,12080000,12080000,24160000,1,3020000
nn_kernel_cpu,67402,0,1,0,0,0,0,1,3030000
nn_kernel_gpu,166,1,1,0,0,0,0,1,3030000
nn_kernel_gpu_mem,7074,1,1,24240000,12120000,12120000,24240000,1,3030000
nn_kernel_cpu,38650,0,1,0,0,0,0,1,3040000
nn_kernel_gpu,142,1,1,0,0,0,0,1,3040000
nn_kernel_gpu_mem,7080,1,1,24320000,12160000,12160000,24320000,1,3040000
nn_kernel_cpu,38650,0,1,0,0,0,0,1,3040000
nn_kernel_gpu,142,1,1,0,0,0,0,1,3040000
nn_kernel_gpu_mem,7080,1,1,24320000,12160000,12160000,24320000,1,3040000
nn_kernel_cpu,38650,0,1,0,0,0,0,1,3040000
nn_kernel_gpu,142,1,1,0,0,0,0,1,3040000
nn_kernel_gpu_mem,7080,1,1,24320000,12160000,12160000,24320000,1,3040000
nn_kernel_cpu,67181,0,1,0,0,0,0,1,3050000
nn_kernel_gpu,124,1,1,0,0,0,0,1,3050000
nn_kernel_gpu_mem,7170,1,1,24400000,12200000,12200000,24400000,1,3050000
nn_kernel_cpu,67181,0,1,0,0,0,0,1,3050000
nn_kernel_gpu,124,1,1,0,0,0,0,1,3050000
nn_kernel_gpu_mem,7170,1,1,24400000,12200000,12200000,24400000,1,3050000
nn_kernel_cpu,67181,0,1,0,0,0,0,1,3050000
nn_kernel_gpu,124,1,1,0,0,0,0,1,3050000
nn_kernel_gpu_mem,7170,1,1,24400000,12200000,12200000,24400000,1,3050000
nn_kernel_cpu,67181,0,1,0,0,0,0,1,3050000
nn_kernel_gpu,124,1,1,0,0,0,0,1,3050000
nn_kernel_gpu_mem,7170,1,1,24400000,12200000,12200000,24400000,1,3050000
nn_kernel_cpu,67181,0,1,0,0,0,0,1,3050000
nn_kernel_gpu,124,1,1,0,0,0,0,1,3050000
nn_kernel_gpu_mem,7170,1,1,24400000,12200000,12200000,24400000,1,3050000
nn_kernel_cpu,67295,0,1,0,0,0,0,1,3060000
nn_kernel_gpu,116,1,1,0,0,0,0,1,3060000
nn_kernel_gpu_mem,7157,1,1,24480000,12240000,12240000,24480000,1,3060000
nn_kernel_cpu,67295,0,1,0,0,0,0,1,3060000
nn_kernel_gpu,116,1,1,0,0,0,0,1,3060000
nn_kernel_gpu_mem,7157,1,1,24480000,12240000,12240000,24480000,1,3060000
nn_kernel_cpu,67399,0,1,0,0,0,0,1,3070000
nn_kernel_gpu,165,1,1,0,0,0,0,1,3070000
nn_kernel_gpu_mem,7657,1,1,24560000,12280000,12280000,24560000,1,3070000
nn_kernel_cpu,67399,0,1,0,0,0,0,1,3070000
nn_kernel_gpu,165,1,1,0,0,0,0,1,3070000
nn_kernel_gpu_mem,7657,1,1,24560000,12280000,12280000,24560000,1,3070000
nn_kernel_cpu,67399,0,1,0,0,0,0,1,3070000
nn_kernel_gpu,165,1,1,0,0,0,0,1,3070000
nn_kernel_gpu_mem,7657,1,1,24560000,12280000,12280000,24560000,1,3070000
nn_kernel_cpu,67740,0,1,0,0,0,0,1,3080000
nn_kernel_gpu,173,1,1,0,0,0,0,1,3080000
nn_kernel_gpu_mem,7142,1,1,24640000,12320000,12320000,24640000,1,3080000
nn_kernel_cpu,67740,0,1,0,0,0,0,1,3080000
nn_kernel_gpu,173,1,1,0,0,0,0,1,3080000
nn_kernel_gpu_mem,7142,1,1,24640000,12320000,12320000,24640000,1,3080000
nn_kernel_cpu,67740,0,1,0,0,0,0,1,3080000
nn_kernel_gpu,173,1,1,0,0,0,0,1,3080000
nn_kernel_gpu_mem,7142,1,1,24640000,12320000,12320000,24640000,1,3080000
nn_kernel_cpu,67740,0,1,0,0,0,0,1,3080000
nn_kernel_gpu,173,1,1,0,0,0,0,1,3080000
nn_kernel_gpu_mem,7142,1,1,24640000,12320000,12320000,24640000,1,3080000
nn_kernel_cpu,67740,0,1,0,0,0,0,1,3080000
nn_kernel_gpu,173,1,1,0,0,0,0,1,3080000
nn_kernel_gpu_mem,7142,1,1,24640000,12320000,12320000,24640000,1,3080000
nn_kernel_cpu,67740,0,1,0,0,0,0,1,3080000
nn_kernel_gpu,173,1,1,0,0,0,0,1,3080000
nn_kernel_gpu_mem,7142,1,1,24640000,12320000,12320000,24640000,1,3080000
nn_kernel_cpu,67007,0,1,0,0,0,0,1,3090000
nn_kernel_gpu,136,1,1,0,0,0,0,1,3090000
nn_kernel_gpu_mem,7264,1,1,24720000,12360000,12360000,24720000,1,3090000
nn_kernel_cpu,67143,0,1,0,0,0,0,1,310000
nn_kernel_gpu,66,1,1,0,0,0,0,1,310000
nn_kernel_gpu_mem,2236,1,1,2480000,1240000,1240000,2480000,1,310000
nn_kernel_cpu,67143,0,1,0,0,0,0,1,310000
nn_kernel_gpu,66,1,1,0,0,0,0,1,310000
nn_kernel_gpu_mem,2236,1,1,2480000,1240000,1240000,2480000,1,310000
nn_kernel_cpu,67143,0,1,0,0,0,0,1,310000
nn_kernel_gpu,66,1,1,0,0,0,0,1,310000
nn_kernel_gpu_mem,2236,1,1,2480000,1240000,1240000,2480000,1,310000
nn_kernel_cpu,68457,0,1,0,0,0,0,1,3100000
nn_kernel_gpu,203,1,1,0,0,0,0,1,3100000
nn_kernel_gpu_mem,7333,1,1,24800000,12400000,12400000,24800000,1,3100000
nn_kernel_cpu,68457,0,1,0,0,0,0,1,3100000
nn_kernel_gpu,203,1,1,0,0,0,0,1,3100000
nn_kernel_gpu_mem,7333,1,1,24800000,12400000,12400000,24800000,1,3100000
nn_kernel_cpu,67158,0,1,0,0,0,0,1,3110000
nn_kernel_gpu,199,1,1,0,0,0,0,1,3110000
nn_kernel_gpu_mem,7328,1,1,24880000,12440000,12440000,24880000,1,3110000
nn_kernel_cpu,67158,0,1,0,0,0,0,1,3110000
nn_kernel_gpu,199,1,1,0,0,0,0,1,3110000
nn_kernel_gpu_mem,7328,1,1,24880000,12440000,12440000,24880000,1,3110000
nn_kernel_cpu,67158,0,1,0,0,0,0,1,3110000
nn_kernel_gpu,199,1,1,0,0,0,0,1,3110000
nn_kernel_gpu_mem,7328,1,1,24880000,12440000,12440000,24880000,1,3110000
nn_kernel_cpu,67158,0,1,0,0,0,0,1,3110000
nn_kernel_gpu,199,1,1,0,0,0,0,1,3110000
nn_kernel_gpu_mem,7328,1,1,24880000,12440000,12440000,24880000,1,3110000
nn_kernel_cpu,75416,0,1,0,0,0,0,1,13740000
nn_kernel_gpu,341,1,1,0,0,0,0,1,13740000
nn_kernel_gpu_mem,25784,1,1,109920000,54960000,54960000,109920000,1,13740000
nn_kernel_cpu,67042,0,1,0,0,0,0,1,3110000
nn_kernel_gpu,177,1,1,0,0,0,0,1,3110000
nn_kernel_gpu_mem,7970,1,1,24880000,12440000,12440000,24880000,1,3110000
nn_kernel_cpu,67652,0,1,0,0,0,0,1,3120000
nn_kernel_gpu,116,1,1,0,0,0,0,1,3120000
nn_kernel_gpu_mem,7378,1,1,24960000,12480000,12480000,24960000,1,3120000
nn_kernel_cpu,67652,0,1,0,0,0,0,1,3120000
nn_kernel_gpu,116,1,1,0,0,0,0,1,3120000
nn_kernel_gpu_mem,7378,1,1,24960000,12480000,12480000,24960000,1,3120000
nn_kernel_cpu,67652,0,1,0,0,0,0,1,3120000
nn_kernel_gpu,116,1,1,0,0,0,0,1,3120000
nn_kernel_gpu_mem,7378,1,1,24960000,12480000,12480000,24960000,1,3120000
nn_kernel_cpu,67962,0,1,0,0,0,0,1,3130000
nn_kernel_gpu,136,1,1,0,0,0,0,1,3130000
nn_kernel_gpu_mem,7461,1,1,25040000,12520000,12520000,25040000,1,3130000
nn_kernel_cpu,67962,0,1,0,0,0,0,1,3130000
nn_kernel_gpu,136,1,1,0,0,0,0,1,3130000
nn_kernel_gpu_mem,7461,1,1,25040000,12520000,12520000,25040000,1,3130000
nn_kernel_cpu,67529,0,1,0,0,0,0,1,3140000
nn_kernel_gpu,139,1,1,0,0,0,0,1,3140000
nn_kernel_gpu_mem,7323,1,1,25120000,12560000,12560000,25120000,1,3140000
nn_kernel_cpu,67529,0,1,0,0,0,0,1,3140000
nn_kernel_gpu,139,1,1,0,0,0,0,1,3140000
nn_kernel_gpu_mem,7323,1,1,25120000,12560000,12560000,25120000,1,3140000
nn_kernel_cpu,67529,0,1,0,0,0,0,1,3140000
nn_kernel_gpu,139,1,1,0,0,0,0,1,3140000
nn_kernel_gpu_mem,7323,1,1,25120000,12560000,12560000,25120000,1,3140000
nn_kernel_cpu,67529,0,1,0,0,0,0,1,3140000
nn_kernel_gpu,139,1,1,0,0,0,0,1,3140000
nn_kernel_gpu_mem,7323,1,1,25120000,12560000,12560000,25120000,1,3140000
nn_kernel_cpu,67857,0,1,0,0,0,0,1,3150000
nn_kernel_gpu,185,1,1,0,0,0,0,1,3150000
nn_kernel_gpu_mem,7499,1,1,25200000,12600000,12600000,25200000,1,3150000
nn_kernel_cpu,67857,0,1,0,0,0,0,1,3150000
nn_kernel_gpu,185,1,1,0,0,0,0,1,3150000
nn_kernel_gpu_mem,7499,1,1,25200000,12600000,12600000,25200000,1,3150000
nn_kernel_cpu,67857,0,1,0,0,0,0,1,3150000
nn_kernel_gpu,185,1,1,0,0,0,0,1,3150000
nn_kernel_gpu_mem,7499,1,1,25200000,12600000,12600000,25200000,1,3150000
nn_kernel_cpu,67857,0,1,0,0,0,0,1,3150000
nn_kernel_gpu,185,1,1,0,0,0,0,1,3150000
nn_kernel_gpu_mem,7499,1,1,25200000,12600000,12600000,25200000,1,3150000
nn_kernel_cpu,66265,0,1,0,0,0,0,1,3160000
nn_kernel_gpu,135,1,1,0,0,0,0,1,3160000
nn_kernel_gpu_mem,7545,1,1,25280000,12640000,12640000,25280000,1,3160000
nn_kernel_cpu,67865,0,1,0,0,0,0,1,3170000
nn_kernel_gpu,140,1,1,0,0,0,0,1,3170000
nn_kernel_gpu_mem,7589,1,1,25360000,12680000,12680000,25360000,1,3170000
nn_kernel_cpu,67865,0,1,0,0,0,0,1,3170000
nn_kernel_gpu,140,1,1,0,0,0,0,1,3170000
nn_kernel_gpu_mem,7589,1,1,25360000,12680000,12680000,25360000,1,3170000
nn_kernel_cpu,67865,0,1,0,0,0,0,1,3170000
nn_kernel_gpu,140,1,1,0,0,0,0,1,3170000
nn_kernel_gpu_mem,7589,1,1,25360000,12680000,12680000,25360000,1,3170000
nn_kernel_cpu,67865,0,1,0,0,0,0,1,3170000
nn_kernel_gpu,140,1,1,0,0,0,0,1,3170000
nn_kernel_gpu_mem,7589,1,1,25360000,12680000,12680000,25360000,1,3170000
nn_kernel_cpu,62333,0,1,0,0,0,0,1,3160000
nn_kernel_gpu,195,1,1,0,0,0,0,1,3160000
nn_kernel_gpu_mem,8307,1,1,25280000,12640000,12640000,25280000,1,3160000
nn_kernel_cpu,67526,0,1,0,0,0,0,1,3180000
nn_kernel_gpu,184,1,1,0,0,0,0,1,3180000
nn_kernel_gpu_mem,7650,1,1,25440000,12720000,12720000,25440000,1,3180000
nn_kernel_cpu,67526,0,1,0,0,0,0,1,3180000
nn_kernel_gpu,184,1,1,0,0,0,0,1,3180000
nn_kernel_gpu_mem,7650,1,1,25440000,12720000,12720000,25440000,1,3180000
nn_kernel_cpu,67526,0,1,0,0,0,0,1,3180000
nn_kernel_gpu,184,1,1,0,0,0,0,1,3180000
nn_kernel_gpu_mem,7650,1,1,25440000,12720000,12720000,25440000,1,3180000
nn_kernel_cpu,67526,0,1,0,0,0,0,1,3180000
nn_kernel_gpu,184,1,1,0,0,0,0,1,3180000
nn_kernel_gpu_mem,7650,1,1,25440000,12720000,12720000,25440000,1,3180000
nn_kernel_cpu,67354,0,1,0,0,0,0,1,320000
nn_kernel_gpu,80,1,1,0,0,0,0,1,320000
nn_kernel_gpu_mem,2241,1,1,2560000,1280000,1280000,2560000,1,320000
nn_kernel_cpu,67790,0,1,0,0,0,0,1,3190000
nn_kernel_gpu,185,1,1,0,0,0,0,1,3190000
nn_kernel_gpu_mem,7609,1,1,25520000,12760000,12760000,25520000,1,3190000
nn_kernel_cpu,67285,0,1,0,0,0,0,1,3200000
nn_kernel_gpu,170,1,1,0,0,0,0,1,3200000
nn_kernel_gpu_mem,7613,1,1,25600000,12800000,12800000,25600000,1,3200000
nn_kernel_cpu,67285,0,1,0,0,0,0,1,3200000
nn_kernel_gpu,170,1,1,0,0,0,0,1,3200000
nn_kernel_gpu_mem,7613,1,1,25600000,12800000,12800000,25600000,1,3200000
nn_kernel_cpu,67285,0,1,0,0,0,0,1,3200000
nn_kernel_gpu,170,1,1,0,0,0,0,1,3200000
nn_kernel_gpu_mem,7613,1,1,25600000,12800000,12800000,25600000,1,3200000
nn_kernel_cpu,67285,0,1,0,0,0,0,1,3200000
nn_kernel_gpu,170,1,1,0,0,0,0,1,3200000
nn_kernel_gpu_mem,7613,1,1,25600000,12800000,12800000,25600000,1,3200000
nn_kernel_cpu,66877,0,1,0,0,0,0,1,3210000
nn_kernel_gpu,184,1,1,0,0,0,0,1,3210000
nn_kernel_gpu_mem,7739,1,1,25680000,12840000,12840000,25680000,1,3210000
nn_kernel_cpu,66877,0,1,0,0,0,0,1,3210000
nn_kernel_gpu,184,1,1,0,0,0,0,1,3210000
nn_kernel_gpu_mem,7739,1,1,25680000,12840000,12840000,25680000,1,3210000
nn_kernel_cpu,66877,0,1,0,0,0,0,1,3210000
nn_kernel_gpu,184,1,1,0,0,0,0,1,3210000
nn_kernel_gpu_mem,7739,1,1,25680000,12840000,12840000,25680000,1,3210000
nn_kernel_cpu,68557,0,1,0,0,0,0,1,13750000
nn_kernel_gpu,342,1,1,0,0,0,0,1,13750000
nn_kernel_gpu_mem,25915,1,1,110000000,55000000,55000000,110000000,1,13750000
nn_kernel_cpu,66877,0,1,0,0,0,0,1,3210000
nn_kernel_gpu,184,1,1,0,0,0,0,1,3210000
nn_kernel_gpu_mem,7739,1,1,25680000,12840000,12840000,25680000,1,3210000
nn_kernel_cpu,67593,0,1,0,0,0,0,1,3220000
nn_kernel_gpu,201,1,1,0,0,0,0,1,3220000
nn_kernel_gpu_mem,7762,1,1,25760000,12880000,12880000,25760000,1,3220000
nn_kernel_cpu,76387,0,1,0,0,0,0,1,3230000
nn_kernel_gpu,134,1,1,0,0,0,0,1,3230000
nn_kernel_gpu_mem,7680,1,1,25840000,12920000,12920000,25840000,1,3230000
nn_kernel_cpu,67399,0,1,0,0,0,0,1,3240000
nn_kernel_gpu,172,1,1,0,0,0,0,1,3240000
nn_kernel_gpu_mem,7661,1,1,25920000,12960000,12960000,25920000,1,3240000
nn_kernel_cpu,67399,0,1,0,0,0,0,1,3240000
nn_kernel_gpu,172,1,1,0,0,0,0,1,3240000
nn_kernel_gpu_mem,7661,1,1,25920000,12960000,12960000,25920000,1,3240000
nn_kernel_cpu,67399,0,1,0,0,0,0,1,3240000
nn_kernel_gpu,172,1,1,0,0,0,0,1,3240000
nn_kernel_gpu_mem,7661,1,1,25920000,12960000,12960000,25920000,1,3240000
nn_kernel_cpu,67399,0,1,0,0,0,0,1,3240000
nn_kernel_gpu,172,1,1,0,0,0,0,1,3240000
nn_kernel_gpu_mem,7661,1,1,25920000,12960000,12960000,25920000,1,3240000
nn_kernel_cpu,67566,0,1,0,0,0,0,1,3250000
nn_kernel_gpu,182,1,1,0,0,0,0,1,3250000
nn_kernel_gpu_mem,7676,1,1,26000000,13000000,13000000,26000000,1,3250000
nn_kernel_cpu,67566,0,1,0,0,0,0,1,3250000
nn_kernel_gpu,182,1,1,0,0,0,0,1,3250000
nn_kernel_gpu_mem,7676,1,1,26000000,13000000,13000000,26000000,1,3250000
nn_kernel_cpu,67566,0,1,0,0,0,0,1,3250000
nn_kernel_gpu,182,1,1,0,0,0,0,1,3250000
nn_kernel_gpu_mem,7676,1,1,26000000,13000000,13000000,26000000,1,3250000
nn_kernel_cpu,67566,0,1,0,0,0,0,1,3250000
nn_kernel_gpu,182,1,1,0,0,0,0,1,3250000
nn_kernel_gpu_mem,7676,1,1,26000000,13000000,13000000,26000000,1,3250000
nn_kernel_cpu,67911,0,1,0,0,0,0,1,3260000
nn_kernel_gpu,135,1,1,0,0,0,0,1,3260000
nn_kernel_gpu_mem,7831,1,1,26080000,13040000,13040000,26080000,1,3260000
nn_kernel_cpu,67294,0,1,0,0,0,0,1,3270000
nn_kernel_gpu,188,1,1,0,0,0,0,1,3270000
nn_kernel_gpu_mem,7781,1,1,26160000,13080000,13080000,26160000,1,3270000
nn_kernel_cpu,67291,0,1,0,0,0,0,1,3280000
nn_kernel_gpu,139,1,1,0,0,0,0,1,3280000
nn_kernel_gpu_mem,7857,1,1,26240000,13120000,13120000,26240000,1,3280000
nn_kernel_cpu,67291,0,1,0,0,0,0,1,3280000
nn_kernel_gpu,139,1,1,0,0,0,0,1,3280000
nn_kernel_gpu_mem,7857,1,1,26240000,13120000,13120000,26240000,1,3280000
nn_kernel_cpu,67291,0,1,0,0,0,0,1,3280000
nn_kernel_gpu,139,1,1,0,0,0,0,1,3280000
nn_kernel_gpu_mem,7857,1,1,26240000,13120000,13120000,26240000,1,3280000
nn_kernel_cpu,67573,0,1,0,0,0,0,1,3290000
nn_kernel_gpu,172,1,1,0,0,0,0,1,3290000
nn_kernel_gpu_mem,7703,1,1,26320000,13160000,13160000,26320000,1,3290000
nn_kernel_cpu,67712,0,1,0,0,0,0,1,3300000
nn_kernel_gpu,184,1,1,0,0,0,0,1,3300000
nn_kernel_gpu_mem,7891,1,1,26400000,13200000,13200000,26400000,1,3300000
nn_kernel_cpu,67656,0,1,0,0,0,0,1,330000
nn_kernel_gpu,78,1,1,0,0,0,0,1,330000
nn_kernel_gpu_mem,2240,1,1,2640000,1320000,1320000,2640000,1,330000
nn_kernel_cpu,67712,0,1,0,0,0,0,1,3300000
nn_kernel_gpu,184,1,1,0,0,0,0,1,3300000
nn_kernel_gpu_mem,7891,1,1,26400000,13200000,13200000,26400000,1,3300000
nn_kernel_cpu,67712,0,1,0,0,0,0,1,3300000
nn_kernel_gpu,184,1,1,0,0,0,0,1,3300000
nn_kernel_gpu_mem,7891,1,1,26400000,13200000,13200000,26400000,1,3300000
nn_kernel_cpu,67712,0,1,0,0,0,0,1,3300000
nn_kernel_gpu,184,1,1,0,0,0,0,1,3300000
nn_kernel_gpu_mem,7891,1,1,26400000,13200000,13200000,26400000,1,3300000
nn_kernel_cpu,67768,0,1,0,0,0,0,1,3310000
nn_kernel_gpu,135,1,1,0,0,0,0,1,3310000
nn_kernel_gpu_mem,7878,1,1,26480000,13240000,13240000,26480000,1,3310000
nn_kernel_cpu,67745,0,1,0,0,0,0,1,13760000
nn_kernel_gpu,343,1,1,0,0,0,0,1,13760000
nn_kernel_gpu_mem,25881,1,1,110080000,55040000,55040000,110080000,1,13760000
nn_kernel_cpu,67768,0,1,0,0,0,0,1,3310000
nn_kernel_gpu,135,1,1,0,0,0,0,1,3310000
nn_kernel_gpu_mem,7878,1,1,26480000,13240000,13240000,26480000,1,3310000
nn_kernel_cpu,67992,0,1,0,0,0,0,1,3320000
nn_kernel_gpu,145,1,1,0,0,0,0,1,3320000
nn_kernel_gpu_mem,7973,1,1,26560000,13280000,13280000,26560000,1,3320000
nn_kernel_cpu,66327,0,1,0,0,0,0,1,3320000
nn_kernel_gpu,120,1,1,0,0,0,0,1,3320000
nn_kernel_gpu_mem,7816,1,1,26560000,13280000,13280000,26560000,1,3320000
nn_kernel_cpu,66327,0,1,0,0,0,0,1,3320000
nn_kernel_gpu,120,1,1,0,0,0,0,1,3320000
nn_kernel_gpu_mem,7816,1,1,26560000,13280000,13280000,26560000,1,3320000
nn_kernel_cpu,66327,0,1,0,0,0,0,1,3320000
nn_kernel_gpu,120,1,1,0,0,0,0,1,3320000
nn_kernel_gpu_mem,7816,1,1,26560000,13280000,13280000,26560000,1,3320000
nn_kernel_cpu,66327,0,1,0,0,0,0,1,3320000
nn_kernel_gpu,120,1,1,0,0,0,0,1,3320000
nn_kernel_gpu_mem,7816,1,1,26560000,13280000,13280000,26560000,1,3320000
nn_kernel_cpu,66327,0,1,0,0,0,0,1,3320000
nn_kernel_gpu,120,1,1,0,0,0,0,1,3320000
nn_kernel_gpu_mem,7816,1,1,26560000,13280000,13280000,26560000,1,3320000
nn_kernel_cpu,66327,0,1,0,0,0,0,1,3320000
nn_kernel_gpu,120,1,1,0,0,0,0,1,3320000
nn_kernel_gpu_mem,7816,1,1,26560000,13280000,13280000,26560000,1,3320000
nn_kernel_cpu,67954,0,1,0,0,0,0,1,3330000
nn_kernel_gpu,166,1,1,0,0,0,0,1,3330000
nn_kernel_gpu_mem,7973,1,1,26640000,13320000,13320000,26640000,1,3330000
nn_kernel_cpu,67982,0,1,0,0,0,0,1,3340000
nn_kernel_gpu,171,1,1,0,0,0,0,1,3340000
nn_kernel_gpu_mem,7894,1,1,26720000,13360000,13360000,26720000,1,3340000
nn_kernel_cpu,67982,0,1,0,0,0,0,1,3340000
nn_kernel_gpu,171,1,1,0,0,0,0,1,3340000
nn_kernel_gpu_mem,7894,1,1,26720000,13360000,13360000,26720000,1,3340000
nn_kernel_cpu,67982,0,1,0,0,0,0,1,3340000
nn_kernel_gpu,171,1,1,0,0,0,0,1,3340000
nn_kernel_gpu_mem,7894,1,1,26720000,13360000,13360000,26720000,1,3340000
nn_kernel_cpu,68000,0,1,0,0,0,0,1,3350000
nn_kernel_gpu,178,1,1,0,0,0,0,1,3350000
nn_kernel_gpu_mem,7922,1,1,26800000,13400000,13400000,26800000,1,3350000
nn_kernel_cpu,68000,0,1,0,0,0,0,1,3350000
nn_kernel_gpu,178,1,1,0,0,0,0,1,3350000
nn_kernel_gpu_mem,7922,1,1,26800000,13400000,13400000,26800000,1,3350000
nn_kernel_cpu,68000,0,1,0,0,0,0,1,3350000
nn_kernel_gpu,178,1,1,0,0,0,0,1,3350000
nn_kernel_gpu_mem,7922,1,1,26800000,13400000,13400000,26800000,1,3350000
nn_kernel_cpu,68000,0,1,0,0,0,0,1,3350000
nn_kernel_gpu,178,1,1,0,0,0,0,1,3350000
nn_kernel_gpu_mem,7922,1,1,26800000,13400000,13400000,26800000,1,3350000
nn_kernel_cpu,68000,0,1,0,0,0,0,1,3350000
nn_kernel_gpu,178,1,1,0,0,0,0,1,3350000
nn_kernel_gpu_mem,7922,1,1,26800000,13400000,13400000,26800000,1,3350000
nn_kernel_cpu,68000,0,1,0,0,0,0,1,3350000
nn_kernel_gpu,178,1,1,0,0,0,0,1,3350000
nn_kernel_gpu_mem,7922,1,1,26800000,13400000,13400000,26800000,1,3350000
nn_kernel_cpu,67331,0,1,0,0,0,0,1,3360000
nn_kernel_gpu,171,1,1,0,0,0,0,1,3360000
nn_kernel_gpu_mem,8061,1,1,26880000,13440000,13440000,26880000,1,3360000
nn_kernel_cpu,69346,0,1,0,0,0,0,1,3370000
nn_kernel_gpu,133,1,1,0,0,0,0,1,3370000
nn_kernel_gpu_mem,7941,1,1,26960000,13480000,13480000,26960000,1,3370000
nn_kernel_cpu,69346,0,1,0,0,0,0,1,3370000
nn_kernel_gpu,133,1,1,0,0,0,0,1,3370000
nn_kernel_gpu_mem,7941,1,1,26960000,13480000,13480000,26960000,1,3370000
nn_kernel_cpu,67465,0,1,0,0,0,0,1,3370000
nn_kernel_gpu,141,1,1,0,0,0,0,1,3370000
nn_kernel_gpu_mem,7972,1,1,26960000,13480000,13480000,26960000,1,3370000
nn_kernel_cpu,67465,0,1,0,0,0,0,1,3370000
nn_kernel_gpu,141,1,1,0,0,0,0,1,3370000
nn_kernel_gpu_mem,7972,1,1,26960000,13480000,13480000,26960000,1,3370000
nn_kernel_cpu,67465,0,1,0,0,0,0,1,3370000
nn_kernel_gpu,141,1,1,0,0,0,0,1,3370000
nn_kernel_gpu_mem,7972,1,1,26960000,13480000,13480000,26960000,1,3370000
nn_kernel_cpu,67592,0,1,0,0,0,0,1,3380000
nn_kernel_gpu,168,1,1,0,0,0,0,1,3380000
nn_kernel_gpu_mem,8076,1,1,27040000,13520000,13520000,27040000,1,3380000
nn_kernel_cpu,67592,0,1,0,0,0,0,1,3380000
nn_kernel_gpu,168,1,1,0,0,0,0,1,3380000
nn_kernel_gpu_mem,8076,1,1,27040000,13520000,13520000,27040000,1,3380000
nn_kernel_cpu,67592,0,1,0,0,0,0,1,3380000
nn_kernel_gpu,168,1,1,0,0,0,0,1,3380000
nn_kernel_gpu_mem,8076,1,1,27040000,13520000,13520000,27040000,1,3380000
nn_kernel_cpu,67592,0,1,0,0,0,0,1,3380000
nn_kernel_gpu,168,1,1,0,0,0,0,1,3380000
nn_kernel_gpu_mem,8076,1,1,27040000,13520000,13520000,27040000,1,3380000
nn_kernel_cpu,67592,0,1,0,0,0,0,1,3380000
nn_kernel_gpu,168,1,1,0,0,0,0,1,3380000
nn_kernel_gpu_mem,8076,1,1,27040000,13520000,13520000,27040000,1,3380000
nn_kernel_cpu,67619,0,1,0,0,0,0,1,13770000
nn_kernel_gpu,342,1,1,0,0,0,0,1,13770000
nn_kernel_gpu_mem,25879,1,1,110160000,55080000,55080000,110160000,1,13770000
nn_kernel_cpu,67021,0,1,0,0,0,0,1,340000
nn_kernel_gpu,65,1,1,0,0,0,0,1,340000
nn_kernel_gpu_mem,2263,1,1,2720000,1360000,1360000,2720000,1,340000
nn_kernel_cpu,67021,0,1,0,0,0,0,1,340000
nn_kernel_gpu,65,1,1,0,0,0,0,1,340000
nn_kernel_gpu_mem,2263,1,1,2720000,1360000,1360000,2720000,1,340000
nn_kernel_cpu,67021,0,1,0,0,0,0,1,340000
nn_kernel_gpu,65,1,1,0,0,0,0,1,340000
nn_kernel_gpu_mem,2263,1,1,2720000,1360000,1360000,2720000,1,340000
nn_kernel_cpu,67021,0,1,0,0,0,0,1,340000
nn_kernel_gpu,65,1,1,0,0,0,0,1,340000
nn_kernel_gpu_mem,2263,1,1,2720000,1360000,1360000,2720000,1,340000
nn_kernel_cpu,67021,0,1,0,0,0,0,1,340000
nn_kernel_gpu,65,1,1,0,0,0,0,1,340000
nn_kernel_gpu_mem,2263,1,1,2720000,1360000,1360000,2720000,1,340000
nn_kernel_cpu,67064,0,1,0,0,0,0,1,3390000
nn_kernel_gpu,120,1,1,0,0,0,0,1,3390000
nn_kernel_gpu_mem,7979,1,1,27120000,13560000,13560000,27120000,1,3390000
nn_kernel_cpu,68376,0,1,0,0,0,0,1,3400000
nn_kernel_gpu,144,1,1,0,0,0,0,1,3400000
nn_kernel_gpu_mem,8182,1,1,27200000,13600000,13600000,27200000,1,3400000
nn_kernel_cpu,68376,0,1,0,0,0,0,1,3400000
nn_kernel_gpu,144,1,1,0,0,0,0,1,3400000
nn_kernel_gpu_mem,8182,1,1,27200000,13600000,13600000,27200000,1,3400000
nn_kernel_cpu,67800,0,1,0,0,0,0,1,3390000
nn_kernel_gpu,138,1,1,0,0,0,0,1,3390000
nn_kernel_gpu_mem,8026,1,1,27120000,13560000,13560000,27120000,1,3390000
nn_kernel_cpu,67800,0,1,0,0,0,0,1,3390000
nn_kernel_gpu,138,1,1,0,0,0,0,1,3390000
nn_kernel_gpu_mem,8026,1,1,27120000,13560000,13560000,27120000,1,3390000
nn_kernel_cpu,66695,0,1,0,0,0,0,1,3410000
nn_kernel_gpu,170,1,1,0,0,0,0,1,3410000
nn_kernel_gpu_mem,8235,1,1,27280000,13640000,13640000,27280000,1,3410000
nn_kernel_cpu,66695,0,1,0,0,0,0,1,3410000
nn_kernel_gpu,170,1,1,0,0,0,0,1,3410000
nn_kernel_gpu_mem,8235,1,1,27280000,13640000,13640000,27280000,1,3410000
nn_kernel_cpu,66695,0,1,0,0,0,0,1,3410000
nn_kernel_gpu,170,1,1,0,0,0,0,1,3410000
nn_kernel_gpu_mem,8235,1,1,27280000,13640000,13640000,27280000,1,3410000
nn_kernel_cpu,66695,0,1,0,0,0,0,1,3410000
nn_kernel_gpu,170,1,1,0,0,0,0,1,3410000
nn_kernel_gpu_mem,8235,1,1,27280000,13640000,13640000,27280000,1,3410000
nn_kernel_cpu,66825,0,1,0,0,0,0,1,3410000
nn_kernel_gpu,124,1,1,0,0,0,0,1,3410000
nn_kernel_gpu_mem,8861,1,1,27280000,13640000,13640000,27280000,1,3410000
nn_kernel_cpu,75529,0,1,0,0,0,0,1,3420000
nn_kernel_gpu,178,1,1,0,0,0,0,1,3420000
nn_kernel_gpu_mem,8106,1,1,27360000,13680000,13680000,27360000,1,3420000
nn_kernel_cpu,68383,0,1,0,0,0,0,1,3430000
nn_kernel_gpu,203,1,1,0,0,0,0,1,3430000
nn_kernel_gpu_mem,8243,1,1,27440000,13720000,13720000,27440000,1,3430000
nn_kernel_cpu,68383,0,1,0,0,0,0,1,3430000
nn_kernel_gpu,203,1,1,0,0,0,0,1,3430000
nn_kernel_gpu_mem,8243,1,1,27440000,13720000,13720000,27440000,1,3430000
nn_kernel_cpu,68383,0,1,0,0,0,0,1,3430000
nn_kernel_gpu,203,1,1,0,0,0,0,1,3430000
nn_kernel_gpu_mem,8243,1,1,27440000,13720000,13720000,27440000,1,3430000
nn_kernel_cpu,68383,0,1,0,0,0,0,1,3430000
nn_kernel_gpu,203,1,1,0,0,0,0,1,3430000
nn_kernel_gpu_mem,8243,1,1,27440000,13720000,13720000,27440000,1,3430000
nn_kernel_cpu,67485,0,1,0,0,0,0,1,3440000
nn_kernel_gpu,171,1,1,0,0,0,0,1,3440000
nn_kernel_gpu_mem,8234,1,1,27520000,13760000,13760000,27520000,1,3440000
nn_kernel_cpu,67485,0,1,0,0,0,0,1,3440000
nn_kernel_gpu,171,1,1,0,0,0,0,1,3440000
nn_kernel_gpu_mem,8234,1,1,27520000,13760000,13760000,27520000,1,3440000
nn_kernel_cpu,67485,0,1,0,0,0,0,1,3440000
nn_kernel_gpu,171,1,1,0,0,0,0,1,3440000
nn_kernel_gpu_mem,8234,1,1,27520000,13760000,13760000,27520000,1,3440000
nn_kernel_cpu,67485,0,1,0,0,0,0,1,3440000
nn_kernel_gpu,171,1,1,0,0,0,0,1,3440000
nn_kernel_gpu_mem,8234,1,1,27520000,13760000,13760000,27520000,1,3440000
nn_kernel_cpu,67771,0,1,0,0,0,0,1,3450000
nn_kernel_gpu,181,1,1,0,0,0,0,1,3450000
nn_kernel_gpu_mem,8059,1,1,27600000,13800000,13800000,27600000,1,3450000
nn_kernel_cpu,67625,0,1,0,0,0,0,1,3460000
nn_kernel_gpu,178,1,1,0,0,0,0,1,3460000
nn_kernel_gpu_mem,8140,1,1,27680000,13840000,13840000,27680000,1,3460000
nn_kernel_cpu,67818,0,1,0,0,0,0,1,3470000
nn_kernel_gpu,203,1,1,0,0,0,0,1,3470000
nn_kernel_gpu_mem,8358,1,1,27760000,13880000,13880000,27760000,1,3470000
nn_kernel_cpu,67818,0,1,0,0,0,0,1,3470000
nn_kernel_gpu,203,1,1,0,0,0,0,1,3470000
nn_kernel_gpu_mem,8358,1,1,27760000,13880000,13880000,27760000,1,3470000
nn_kernel_cpu,67818,0,1,0,0,0,0,1,3470000
nn_kernel_gpu,203,1,1,0,0,0,0,1,3470000
nn_kernel_gpu_mem,8358,1,1,27760000,13880000,13880000,27760000,1,3470000
nn_kernel_cpu,67818,0,1,0,0,0,0,1,3470000
nn_kernel_gpu,203,1,1,0,0,0,0,1,3470000
nn_kernel_gpu_mem,8358,1,1,27760000,13880000,13880000,27760000,1,3470000
nn_kernel_cpu,67961,0,1,0,0,0,0,1,13780000
nn_kernel_gpu,340,1,1,0,0,0,0,1,13780000
nn_kernel_gpu_mem,25701,1,1,110240000,55120000,55120000,110240000,1,13780000
nn_kernel_cpu,67832,0,1,0,0,0,0,1,350000
nn_kernel_gpu,66,1,1,0,0,0,0,1,350000
nn_kernel_gpu_mem,2250,1,1,2800000,1400000,1400000,2800000,1,350000
nn_kernel_cpu,68048,0,1,0,0,0,0,1,3480000
nn_kernel_gpu,140,1,1,0,0,0,0,1,3480000
nn_kernel_gpu_mem,8493,1,1,27840000,13920000,13920000,27840000,1,3480000
nn_kernel_cpu,68048,0,1,0,0,0,0,1,3480000
nn_kernel_gpu,140,1,1,0,0,0,0,1,3480000
nn_kernel_gpu_mem,8493,1,1,27840000,13920000,13920000,27840000,1,3480000
nn_kernel_cpu,68048,0,1,0,0,0,0,1,3480000
nn_kernel_gpu,140,1,1,0,0,0,0,1,3480000
nn_kernel_gpu_mem,8493,1,1,27840000,13920000,13920000,27840000,1,3480000
nn_kernel_cpu,67030,0,1,0,0,0,0,1,3490000
nn_kernel_gpu,168,1,1,0,0,0,0,1,3490000
nn_kernel_gpu_mem,8338,1,1,27920000,13960000,13960000,27920000,1,3490000
nn_kernel_cpu,67802,0,1,0,0,0,0,1,3500000
nn_kernel_gpu,138,1,1,0,0,0,0,1,3500000
nn_kernel_gpu_mem,8342,1,1,28000000,14000000,14000000,28000000,1,3500000
nn_kernel_cpu,67353,0,1,0,0,0,0,1,3510000
nn_kernel_gpu,143,1,1,0,0,0,0,1,3510000
nn_kernel_gpu_mem,8366,1,1,28080000,14040000,14040000,28080000,1,3510000
nn_kernel_cpu,67353,0,1,0,0,0,0,1,3510000
nn_kernel_gpu,143,1,1,0,0,0,0,1,3510000
nn_kernel_gpu_mem,8366,1,1,28080000,14040000,14040000,28080000,1,3510000
nn_kernel_cpu,67353,0,1,0,0,0,0,1,3510000
nn_kernel_gpu,143,1,1,0,0,0,0,1,3510000
nn_kernel_gpu_mem,8366,1,1,28080000,14040000,14040000,28080000,1,3510000
nn_kernel_cpu,67353,0,1,0,0,0,0,1,3510000
nn_kernel_gpu,143,1,1,0,0,0,0,1,3510000
nn_kernel_gpu_mem,8366,1,1,28080000,14040000,14040000,28080000,1,3510000
nn_kernel_cpu,68050,0,1,0,0,0,0,1,3520000
nn_kernel_gpu,172,1,1,0,0,0,0,1,3520000
nn_kernel_gpu_mem,8276,1,1,28160000,14080000,14080000,28160000,1,3520000
nn_kernel_cpu,67933,0,1,0,0,0,0,1,3530000
nn_kernel_gpu,186,1,1,0,0,0,0,1,3530000
nn_kernel_gpu_mem,8233,1,1,28240000,14120000,14120000,28240000,1,3530000
nn_kernel_cpu,67933,0,1,0,0,0,0,1,3530000
nn_kernel_gpu,186,1,1,0,0,0,0,1,3530000
nn_kernel_gpu_mem,8233,1,1,28240000,14120000,14120000,28240000,1,3530000
nn_kernel_cpu,67348,0,1,0,0,0,0,1,3540000
nn_kernel_gpu,170,1,1,0,0,0,0,1,3540000
nn_kernel_gpu_mem,8309,1,1,28320000,14160000,14160000,28320000,1,3540000
nn_kernel_cpu,67876,0,1,0,0,0,0,1,3550000
nn_kernel_gpu,190,1,1,0,0,0,0,1,3550000
nn_kernel_gpu_mem,8747,1,1,28400000,14200000,14200000,28400000,1,3550000
nn_kernel_cpu,88548,0,1,0,0,0,0,1,3530000
nn_kernel_gpu,188,1,1,0,0,0,0,1,3530000
nn_kernel_gpu_mem,9112,1,1,28240000,14120000,14120000,28240000,1,3530000
nn_kernel_cpu,64999,0,1,0,0,0,0,1,3560000
nn_kernel_gpu,242,1,1,0,0,0,0,1,3560000
nn_kernel_gpu_mem,8582,1,1,28480000,14240000,14240000,28480000,1,3560000
nn_kernel_cpu,64999,0,1,0,0,0,0,1,3560000
nn_kernel_gpu,242,1,1,0,0,0,0,1,3560000
nn_kernel_gpu_mem,8582,1,1,28480000,14240000,14240000,28480000,1,3560000
nn_kernel_cpu,64999,0,1,0,0,0,0,1,3560000
nn_kernel_gpu,242,1,1,0,0,0,0,1,3560000
nn_kernel_gpu_mem,8582,1,1,28480000,14240000,14240000,28480000,1,3560000
nn_kernel_cpu,64999,0,1,0,0,0,0,1,3560000
nn_kernel_gpu,242,1,1,0,0,0,0,1,3560000
nn_kernel_gpu_mem,8582,1,1,28480000,14240000,14240000,28480000,1,3560000
nn_kernel_cpu,67643,0,1,0,0,0,0,1,3570000
nn_kernel_gpu,169,1,1,0,0,0,0,1,3570000
nn_kernel_gpu_mem,8408,1,1,28560000,14280000,14280000,28560000,1,3570000
nn_kernel_cpu,59132,0,1,0,0,0,0,1,360000
nn_kernel_gpu,79,1,1,0,0,0,0,1,360000
nn_kernel_gpu_mem,2280,1,1,2880000,1440000,1440000,2880000,1,360000
nn_kernel_cpu,67301,0,1,0,0,0,0,1,3580000
nn_kernel_gpu,191,1,1,0,0,0,0,1,3580000
nn_kernel_gpu_mem,8576,1,1,28640000,14320000,14320000,28640000,1,3580000
nn_kernel_cpu,59132,0,1,0,0,0,0,1,360000
nn_kernel_gpu,79,1,1,0,0,0,0,1,360000
nn_kernel_gpu_mem,2280,1,1,2880000,1440000,1440000,2880000,1,360000
nn_kernel_cpu,59132,0,1,0,0,0,0,1,360000
nn_kernel_gpu,79,1,1,0,0,0,0,1,360000
nn_kernel_gpu_mem,2280,1,1,2880000,1440000,1440000,2880000,1,360000
nn_kernel_cpu,59132,0,1,0,0,0,0,1,360000
nn_kernel_gpu,79,1,1,0,0,0,0,1,360000
nn_kernel_gpu_mem,2280,1,1,2880000,1440000,1440000,2880000,1,360000
nn_kernel_cpu,67301,0,1,0,0,0,0,1,3580000
nn_kernel_gpu,191,1,1,0,0,0,0,1,3580000
nn_kernel_gpu_mem,8576,1,1,28640000,14320000,14320000,28640000,1,3580000
nn_kernel_cpu,67331,0,1,0,0,0,0,1,3590000
nn_kernel_gpu,177,1,1,0,0,0,0,1,3590000
nn_kernel_gpu_mem,8581,1,1,28720000,14360000,14360000,28720000,1,3590000
nn_kernel_cpu,67760,0,1,0,0,0,0,1,3600000
nn_kernel_gpu,187,1,1,0,0,0,0,1,3600000
nn_kernel_gpu_mem,8441,1,1,28800000,14400000,14400000,28800000,1,3600000
nn_kernel_cpu,67760,0,1,0,0,0,0,1,3600000
nn_kernel_gpu,187,1,1,0,0,0,0,1,3600000
nn_kernel_gpu_mem,8441,1,1,28800000,14400000,14400000,28800000,1,3600000
nn_kernel_cpu,67571,0,1,0,0,0,0,1,13790000
nn_kernel_gpu,343,1,1,0,0,0,0,1,13790000
nn_kernel_gpu_mem,25750,1,1,110320000,55160000,55160000,110320000,1,13790000
nn_kernel_cpu,67766,0,1,0,0,0,0,1,3610000
nn_kernel_gpu,176,1,1,0,0,0,0,1,3610000
nn_kernel_gpu_mem,8479,1,1,28880000,14440000,14440000,28880000,1,3610000
nn_kernel_cpu,67930,0,1,0,0,0,0,1,3620000
nn_kernel_gpu,209,1,1,0,0,0,0,1,3620000
nn_kernel_gpu_mem,8691,1,1,28960000,14480000,14480000,28960000,1,3620000
nn_kernel_cpu,67930,0,1,0,0,0,0,1,3620000
nn_kernel_gpu,209,1,1,0,0,0,0,1,3620000
nn_kernel_gpu_mem,8691,1,1,28960000,14480000,14480000,28960000,1,3620000
nn_kernel_cpu,67930,0,1,0,0,0,0,1,3620000
nn_kernel_gpu,209,1,1,0,0,0,0,1,3620000
nn_kernel_gpu_mem,8691,1,1,28960000,14480000,14480000,28960000,1,3620000
nn_kernel_cpu,67930,0,1,0,0,0,0,1,3620000
nn_kernel_gpu,209,1,1,0,0,0,0,1,3620000
nn_kernel_gpu_mem,8691,1,1,28960000,14480000,14480000,28960000,1,3620000
nn_kernel_cpu,67468,0,1,0,0,0,0,1,3630000
nn_kernel_gpu,183,1,1,0,0,0,0,1,3630000
nn_kernel_gpu_mem,8651,1,1,29040000,14520000,14520000,29040000,1,3630000
nn_kernel_cpu,67930,0,1,0,0,0,0,1,3620000
nn_kernel_gpu,209,1,1,0,0,0,0,1,3620000
nn_kernel_gpu_mem,8691,1,1,28960000,14480000,14480000,28960000,1,3620000
nn_kernel_cpu,67449,0,1,0,0,0,0,1,3640000
nn_kernel_gpu,385,1,1,0,0,0,0,1,3640000
nn_kernel_gpu_mem,8716,1,1,29120000,14560000,14560000,29120000,1,3640000
nn_kernel_cpu,68173,0,1,0,0,0,0,1,3650000
nn_kernel_gpu,187,1,1,0,0,0,0,1,3650000
nn_kernel_gpu_mem,8605,1,1,29200000,14600000,14600000,29200000,1,3650000
nn_kernel_cpu,68173,0,1,0,0,0,0,1,3650000
nn_kernel_gpu,187,1,1,0,0,0,0,1,3650000
nn_kernel_gpu_mem,8605,1,1,29200000,14600000,14600000,29200000,1,3650000
nn_kernel_cpu,66770,0,1,0,0,0,0,1,370000
nn_kernel_gpu,76,1,1,0,0,0,0,1,370000
nn_kernel_gpu_mem,2388,1,1,2960000,1480000,1480000,2960000,1,370000
nn_kernel_cpu,67811,0,1,0,0,0,0,1,3660000
nn_kernel_gpu,172,1,1,0,0,0,0,1,3660000
nn_kernel_gpu_mem,8698,1,1,29280000,14640000,14640000,29280000,1,3660000
nn_kernel_cpu,67151,0,1,0,0,0,0,1,3670000
nn_kernel_gpu,185,1,1,0,0,0,0,1,3670000
nn_kernel_gpu_mem,8512,1,1,29360000,14680000,14680000,29360000,1,3670000
nn_kernel_cpu,67151,0,1,0,0,0,0,1,3670000
nn_kernel_gpu,185,1,1,0,0,0,0,1,3670000
nn_kernel_gpu_mem,8512,1,1,29360000,14680000,14680000,29360000,1,3670000
nn_kernel_cpu,67151,0,1,0,0,0,0,1,3670000
nn_kernel_gpu,185,1,1,0,0,0,0,1,3670000
nn_kernel_gpu_mem,8512,1,1,29360000,14680000,14680000,29360000,1,3670000
nn_kernel_cpu,67151,0,1,0,0,0,0,1,3670000
nn_kernel_gpu,185,1,1,0,0,0,0,1,3670000
nn_kernel_gpu_mem,8512,1,1,29360000,14680000,14680000,29360000,1,3670000
nn_kernel_cpu,67151,0,1,0,0,0,0,1,3670000
nn_kernel_gpu,185,1,1,0,0,0,0,1,3670000
nn_kernel_gpu_mem,8512,1,1,29360000,14680000,14680000,29360000,1,3670000
nn_kernel_cpu,67597,0,1,0,0,0,0,1,3680000
nn_kernel_gpu,202,1,1,0,0,0,0,1,3680000
nn_kernel_gpu_mem,8728,1,1,29440000,14720000,14720000,29440000,1,3680000
nn_kernel_cpu,67287,0,1,0,0,0,0,1,3690000
nn_kernel_gpu,172,1,1,0,0,0,0,1,3690000
nn_kernel_gpu_mem,8774,1,1,29520000,14760000,14760000,29520000,1,3690000
nn_kernel_cpu,98019,0,1,0,0,0,0,1,3700000
nn_kernel_gpu,192,1,1,0,0,0,0,1,3700000
nn_kernel_gpu_mem,8761,1,1,29600000,14800000,14800000,29600000,1,3700000
nn_kernel_cpu,98019,0,1,0,0,0,0,1,3700000
nn_kernel_gpu,192,1,1,0,0,0,0,1,3700000
nn_kernel_gpu_mem,8761,1,1,29600000,14800000,14800000,29600000,1,3700000
nn_kernel_cpu,67625,0,1,0,0,0,0,1,3710000
nn_kernel_gpu,178,1,1,0,0,0,0,1,3710000
nn_kernel_gpu_mem,8902,1,1,29680000,14840000,14840000,29680000,1,3710000
nn_kernel_cpu,67625,0,1,0,0,0,0,1,3710000
nn_kernel_gpu,178,1,1,0,0,0,0,1,3710000
nn_kernel_gpu_mem,8902,1,1,29680000,14840000,14840000,29680000,1,3710000
nn_kernel_cpu,68020,0,1,0,0,0,0,1,3720000
nn_kernel_gpu,194,1,1,0,0,0,0,1,3720000
nn_kernel_gpu_mem,8903,1,1,29760000,14880000,14880000,29760000,1,3720000
nn_kernel_cpu,68020,0,1,0,0,0,0,1,3720000
nn_kernel_gpu,194,1,1,0,0,0,0,1,3720000
nn_kernel_gpu_mem,8903,1,1,29760000,14880000,14880000,29760000,1,3720000
nn_kernel_cpu,68020,0,1,0,0,0,0,1,3720000
nn_kernel_gpu,194,1,1,0,0,0,0,1,3720000
nn_kernel_gpu_mem,8903,1,1,29760000,14880000,14880000,29760000,1,3720000
nn_kernel_cpu,68020,0,1,0,0,0,0,1,3720000
nn_kernel_gpu,194,1,1,0,0,0,0,1,3720000
nn_kernel_gpu_mem,8903,1,1,29760000,14880000,14880000,29760000,1,3720000
nn_kernel_cpu,68020,0,1,0,0,0,0,1,3720000
nn_kernel_gpu,194,1,1,0,0,0,0,1,3720000
nn_kernel_gpu_mem,8903,1,1,29760000,14880000,14880000,29760000,1,3720000
nn_kernel_cpu,66845,0,1,0,0,0,0,1,3730000
nn_kernel_gpu,210,1,1,0,0,0,0,1,3730000
nn_kernel_gpu_mem,9045,1,1,29840000,14920000,14920000,29840000,1,3730000
nn_kernel_cpu,67755,0,1,0,0,0,0,1,3740000
nn_kernel_gpu,171,1,1,0,0,0,0,1,3740000
nn_kernel_gpu_mem,8992,1,1,29920000,14960000,14960000,29920000,1,3740000
nn_kernel_cpu,67647,0,1,0,0,0,0,1,3750000
nn_kernel_gpu,189,1,1,0,0,0,0,1,3750000
nn_kernel_gpu_mem,9059,1,1,30000000,15000000,15000000,30000000,1,3750000
nn_kernel_cpu,67647,0,1,0,0,0,0,1,3750000
nn_kernel_gpu,189,1,1,0,0,0,0,1,3750000
nn_kernel_gpu_mem,9059,1,1,30000000,15000000,15000000,30000000,1,3750000
nn_kernel_cpu,74067,0,1,0,0,0,0,1,3760000
nn_kernel_gpu,178,1,1,0,0,0,0,1,3760000
nn_kernel_gpu_mem,8343,1,1,30080000,15040000,15040000,30080000,1,3760000
nn_kernel_cpu,74067,0,1,0,0,0,0,1,3760000
nn_kernel_gpu,178,1,1,0,0,0,0,1,3760000
nn_kernel_gpu_mem,8343,1,1,30080000,15040000,15040000,30080000,1,3760000
nn_kernel_cpu,66370,0,1,0,0,0,0,1,3770000
nn_kernel_gpu,193,1,1,0,0,0,0,1,3770000
nn_kernel_gpu_mem,9000,1,1,30160000,15080000,15080000,30160000,1,3770000
nn_kernel_cpu,66370,0,1,0,0,0,0,1,3770000
nn_kernel_gpu,193,1,1,0,0,0,0,1,3770000
nn_kernel_gpu_mem,9000,1,1,30160000,15080000,15080000,30160000,1,3770000
nn_kernel_cpu,66370,0,1,0,0,0,0,1,3770000
nn_kernel_gpu,193,1,1,0,0,0,0,1,3770000
nn_kernel_gpu_mem,9000,1,1,30160000,15080000,15080000,30160000,1,3770000
nn_kernel_cpu,66370,0,1,0,0,0,0,1,3770000
nn_kernel_gpu,193,1,1,0,0,0,0,1,3770000
nn_kernel_gpu_mem,9000,1,1,30160000,15080000,15080000,30160000,1,3770000
nn_kernel_cpu,68140,0,1,0,0,0,0,1,3780000
nn_kernel_gpu,209,1,1,0,0,0,0,1,3780000
nn_kernel_gpu_mem,8948,1,1,30240000,15120000,15120000,30240000,1,3780000
nn_kernel_cpu,68140,0,1,0,0,0,0,1,3780000
nn_kernel_gpu,209,1,1,0,0,0,0,1,3780000
nn_kernel_gpu_mem,8948,1,1,30240000,15120000,15120000,30240000,1,3780000
nn_kernel_cpu,67807,0,1,0,0,0,0,1,3790000
nn_kernel_gpu,173,1,1,0,0,0,0,1,3790000
nn_kernel_gpu_mem,9130,1,1,30320000,15160000,15160000,30320000,1,3790000
nn_kernel_cpu,67493,0,1,0,0,0,0,1,380000
nn_kernel_gpu,65,1,1,0,0,0,0,1,380000
nn_kernel_gpu_mem,2275,1,1,3040000,1520000,1520000,3040000,1,380000
nn_kernel_cpu,67493,0,1,0,0,0,0,1,380000
nn_kernel_gpu,65,1,1,0,0,0,0,1,380000
nn_kernel_gpu_mem,2275,1,1,3040000,1520000,1520000,3040000,1,380000
nn_kernel_cpu,67924,0,1,0,0,0,0,1,3800000
nn_kernel_gpu,190,1,1,0,0,0,0,1,3800000
nn_kernel_gpu_mem,9013,1,1,30400000,15200000,15200000,30400000,1,3800000
nn_kernel_cpu,67924,0,1,0,0,0,0,1,3800000
nn_kernel_gpu,190,1,1,0,0,0,0,1,3800000
nn_kernel_gpu_mem,9013,1,1,30400000,15200000,15200000,30400000,1,3800000
nn_kernel_cpu,67721,0,1,0,0,0,0,1,3810000
nn_kernel_gpu,209,1,1,0,0,0,0,1,3810000
nn_kernel_gpu_mem,9131,1,1,30480000,15240000,15240000,30480000,1,3810000
nn_kernel_cpu,67721,0,1,0,0,0,0,1,3810000
nn_kernel_gpu,209,1,1,0,0,0,0,1,3810000
nn_kernel_gpu_mem,9131,1,1,30480000,15240000,15240000,30480000,1,3810000
nn_kernel_cpu,67721,0,1,0,0,0,0,1,3810000
nn_kernel_gpu,209,1,1,0,0,0,0,1,3810000
nn_kernel_gpu_mem,9131,1,1,30480000,15240000,15240000,30480000,1,3810000
nn_kernel_cpu,67721,0,1,0,0,0,0,1,3810000
nn_kernel_gpu,209,1,1,0,0,0,0,1,3810000
nn_kernel_gpu_mem,9131,1,1,30480000,15240000,15240000,30480000,1,3810000
nn_kernel_cpu,67063,0,1,0,0,0,0,1,3820000
nn_kernel_gpu,209,1,1,0,0,0,0,1,3820000
nn_kernel_gpu_mem,9026,1,1,30560000,15280000,15280000,30560000,1,3820000
nn_kernel_cpu,91983,0,1,0,0,0,0,1,3830000
nn_kernel_gpu,182,1,1,0,0,0,0,1,3830000
nn_kernel_gpu_mem,9111,1,1,30640000,15320000,15320000,30640000,1,3830000
nn_kernel_cpu,91983,0,1,0,0,0,0,1,3830000
nn_kernel_gpu,182,1,1,0,0,0,0,1,3830000
nn_kernel_gpu_mem,9111,1,1,30640000,15320000,15320000,30640000,1,3830000
nn_kernel_cpu,91983,0,1,0,0,0,0,1,3830000
nn_kernel_gpu,182,1,1,0,0,0,0,1,3830000
nn_kernel_gpu_mem,9111,1,1,30640000,15320000,15320000,30640000,1,3830000
nn_kernel_cpu,67888,0,1,0,0,0,0,1,3820000
nn_kernel_gpu,194,1,1,0,0,0,0,1,3820000
nn_kernel_gpu_mem,9898,1,1,30560000,15280000,15280000,30560000,1,3820000
nn_kernel_cpu,68564,0,1,0,0,0,0,1,3840000
nn_kernel_gpu,190,1,1,0,0,0,0,1,3840000
nn_kernel_gpu_mem,9234,1,1,30720000,15360000,15360000,30720000,1,3840000
nn_kernel_cpu,68564,0,1,0,0,0,0,1,3840000
nn_kernel_gpu,190,1,1,0,0,0,0,1,3840000
nn_kernel_gpu_mem,9234,1,1,30720000,15360000,15360000,30720000,1,3840000
nn_kernel_cpu,67505,0,1,0,0,0,0,1,3850000
nn_kernel_gpu,192,1,1,0,0,0,0,1,3850000
nn_kernel_gpu_mem,9392,1,1,30800000,15400000,15400000,30800000,1,3850000
nn_kernel_cpu,67505,0,1,0,0,0,0,1,3850000
nn_kernel_gpu,192,1,1,0,0,0,0,1,3850000
nn_kernel_gpu_mem,9392,1,1,30800000,15400000,15400000,30800000,1,3850000
nn_kernel_cpu,67505,0,1,0,0,0,0,1,3850000
nn_kernel_gpu,192,1,1,0,0,0,0,1,3850000
nn_kernel_gpu_mem,9392,1,1,30800000,15400000,15400000,30800000,1,3850000
nn_kernel_cpu,67505,0,1,0,0,0,0,1,3850000
nn_kernel_gpu,192,1,1,0,0,0,0,1,3850000
nn_kernel_gpu_mem,9392,1,1,30800000,15400000,15400000,30800000,1,3850000
nn_kernel_cpu,67598,0,1,0,0,0,0,1,3860000
nn_kernel_gpu,209,1,1,0,0,0,0,1,3860000
nn_kernel_gpu_mem,9354,1,1,30880000,15440000,15440000,30880000,1,3860000
nn_kernel_cpu,67643,0,1,0,0,0,0,1,3870000
nn_kernel_gpu,179,1,1,0,0,0,0,1,3870000
nn_kernel_gpu_mem,9122,1,1,30960000,15480000,15480000,30960000,1,3870000
nn_kernel_cpu,67643,0,1,0,0,0,0,1,3870000
nn_kernel_gpu,179,1,1,0,0,0,0,1,3870000
nn_kernel_gpu_mem,9122,1,1,30960000,15480000,15480000,30960000,1,3870000
nn_kernel_cpu,67643,0,1,0,0,0,0,1,3870000
nn_kernel_gpu,179,1,1,0,0,0,0,1,3870000
nn_kernel_gpu_mem,9122,1,1,30960000,15480000,15480000,30960000,1,3870000
nn_kernel_cpu,66426,0,1,0,0,0,0,1,3880000
nn_kernel_gpu,191,1,1,0,0,0,0,1,3880000
nn_kernel_gpu_mem,9336,1,1,31040000,15520000,15520000,31040000,1,3880000
nn_kernel_cpu,66426,0,1,0,0,0,0,1,3880000
nn_kernel_gpu,191,1,1,0,0,0,0,1,3880000
nn_kernel_gpu_mem,9336,1,1,31040000,15520000,15520000,31040000,1,3880000
nn_kernel_cpu,66426,0,1,0,0,0,0,1,3880000
nn_kernel_gpu,191,1,1,0,0,0,0,1,3880000
nn_kernel_gpu_mem,9336,1,1,31040000,15520000,15520000,31040000,1,3880000
nn_kernel_cpu,67912,0,1,0,0,0,0,1,390000
nn_kernel_gpu,65,1,1,0,0,0,0,1,390000
nn_kernel_gpu_mem,2285,1,1,3120000,1560000,1560000,3120000,1,390000
nn_kernel_cpu,67912,0,1,0,0,0,0,1,390000
nn_kernel_gpu,65,1,1,0,0,0,0,1,390000
nn_kernel_gpu_mem,2285,1,1,3120000,1560000,1560000,3120000,1,390000
nn_kernel_cpu,67912,0,1,0,0,0,0,1,390000
nn_kernel_gpu,65,1,1,0,0,0,0,1,390000
nn_kernel_gpu_mem,2285,1,1,3120000,1560000,1560000,3120000,1,390000
nn_kernel_cpu,67219,0,1,0,0,0,0,1,3890000
nn_kernel_gpu,691,1,1,0,0,0,0,1,3890000
nn_kernel_gpu_mem,9307,1,1,31120000,15560000,15560000,31120000,1,3890000
nn_kernel_cpu,67219,0,1,0,0,0,0,1,3890000
nn_kernel_gpu,691,1,1,0,0,0,0,1,3890000
nn_kernel_gpu_mem,9307,1,1,31120000,15560000,15560000,31120000,1,3890000
nn_kernel_cpu,67776,0,1,0,0,0,0,1,3900000
nn_kernel_gpu,210,1,1,0,0,0,0,1,3900000
nn_kernel_gpu_mem,9443,1,1,31200000,15600000,15600000,31200000,1,3900000
nn_kernel_cpu,67776,0,1,0,0,0,0,1,3900000
nn_kernel_gpu,210,1,1,0,0,0,0,1,3900000
nn_kernel_gpu_mem,9443,1,1,31200000,15600000,15600000,31200000,1,3900000
nn_kernel_cpu,67776,0,1,0,0,0,0,1,3900000
nn_kernel_gpu,210,1,1,0,0,0,0,1,3900000
nn_kernel_gpu_mem,9443,1,1,31200000,15600000,15600000,31200000,1,3900000
nn_kernel_cpu,67536,0,1,0,0,0,0,1,3910000
nn_kernel_gpu,195,1,1,0,0,0,0,1,3910000
nn_kernel_gpu_mem,9452,1,1,31280000,15640000,15640000,31280000,1,3910000
nn_kernel_cpu,67536,0,1,0,0,0,0,1,3910000
nn_kernel_gpu,195,1,1,0,0,0,0,1,3910000
nn_kernel_gpu_mem,9452,1,1,31280000,15640000,15640000,31280000,1,3910000
nn_kernel_cpu,67536,0,1,0,0,0,0,1,3910000
nn_kernel_gpu,195,1,1,0,0,0,0,1,3910000
nn_kernel_gpu_mem,9452,1,1,31280000,15640000,15640000,31280000,1,3910000
nn_kernel_cpu,67735,0,1,0,0,0,0,1,3920000
nn_kernel_gpu,178,1,1,0,0,0,0,1,3920000
nn_kernel_gpu_mem,9325,1,1,31360000,15680000,15680000,31360000,1,3920000
nn_kernel_cpu,67735,0,1,0,0,0,0,1,3920000
nn_kernel_gpu,178,1,1,0,0,0,0,1,3920000
nn_kernel_gpu_mem,9325,1,1,31360000,15680000,15680000,31360000,1,3920000
nn_kernel_cpu,67735,0,1,0,0,0,0,1,3920000
nn_kernel_gpu,178,1,1,0,0,0,0,1,3920000
nn_kernel_gpu_mem,9325,1,1,31360000,15680000,15680000,31360000,1,3920000
nn_kernel_cpu,68079,0,1,0,0,0,0,1,3930000
nn_kernel_gpu,190,1,1,0,0,0,0,1,3930000
nn_kernel_gpu_mem,9335,1,1,31440000,15720000,15720000,31440000,1,3930000
nn_kernel_cpu,68079,0,1,0,0,0,0,1,3930000
nn_kernel_gpu,190,1,1,0,0,0,0,1,3930000
nn_kernel_gpu_mem,9335,1,1,31440000,15720000,15720000,31440000,1,3930000
nn_kernel_cpu,67908,0,1,0,0,0,0,1,3940000
nn_kernel_gpu,207,1,1,0,0,0,0,1,3940000
nn_kernel_gpu_mem,9453,1,1,31520000,15760000,15760000,31520000,1,3940000
nn_kernel_cpu,67908,0,1,0,0,0,0,1,3940000
nn_kernel_gpu,207,1,1,0,0,0,0,1,3940000
nn_kernel_gpu_mem,9453,1,1,31520000,15760000,15760000,31520000,1,3940000
nn_kernel_cpu,67908,0,1,0,0,0,0,1,3940000
nn_kernel_gpu,207,1,1,0,0,0,0,1,3940000
nn_kernel_gpu_mem,9453,1,1,31520000,15760000,15760000,31520000,1,3940000
nn_kernel_cpu,67326,0,1,0,0,0,0,1,3950000
nn_kernel_gpu,191,1,1,0,0,0,0,1,3950000
nn_kernel_gpu_mem,9502,1,1,31600000,15800000,15800000,31600000,1,3950000
nn_kernel_cpu,67326,0,1,0,0,0,0,1,3950000
nn_kernel_gpu,191,1,1,0,0,0,0,1,3950000
nn_kernel_gpu_mem,9502,1,1,31600000,15800000,15800000,31600000,1,3950000
nn_kernel_cpu,68107,0,1,0,0,0,0,1,3960000
nn_kernel_gpu,187,1,1,0,0,0,0,1,3960000
nn_kernel_gpu_mem,9534,1,1,31680000,15840000,15840000,31680000,1,3960000
nn_kernel_cpu,67820,0,1,0,0,0,0,1,3970000
nn_kernel_gpu,182,1,1,0,0,0,0,1,3970000
nn_kernel_gpu_mem,9458,1,1,31760000,15880000,15880000,31760000,1,3970000
nn_kernel_cpu,67820,0,1,0,0,0,0,1,3970000
nn_kernel_gpu,182,1,1,0,0,0,0,1,3970000
nn_kernel_gpu_mem,9458,1,1,31760000,15880000,15880000,31760000,1,3970000
nn_kernel_cpu,67820,0,1,0,0,0,0,1,3970000
nn_kernel_gpu,182,1,1,0,0,0,0,1,3970000
nn_kernel_gpu_mem,9458,1,1,31760000,15880000,15880000,31760000,1,3970000
nn_kernel_cpu,66520,0,1,0,0,0,0,1,400000
nn_kernel_gpu,66,1,1,0,0,0,0,1,400000
nn_kernel_gpu_mem,2328,1,1,3200000,1600000,1600000,3200000,1,400000
nn_kernel_cpu,66520,0,1,0,0,0,0,1,400000
nn_kernel_gpu,66,1,1,0,0,0,0,1,400000
nn_kernel_gpu_mem,2328,1,1,3200000,1600000,1600000,3200000,1,400000
nn_kernel_cpu,66520,0,1,0,0,0,0,1,400000
nn_kernel_gpu,66,1,1,0,0,0,0,1,400000
nn_kernel_gpu_mem,2328,1,1,3200000,1600000,1600000,3200000,1,400000
nn_kernel_cpu,66746,0,1,0,0,0,0,1,40000
nn_kernel_gpu,90,1,1,0,0,0,0,1,40000
nn_kernel_gpu_mem,776,1,1,320000,160000,160000,320000,1,40000
nn_kernel_cpu,66746,0,1,0,0,0,0,1,40000
nn_kernel_gpu,90,1,1,0,0,0,0,1,40000
nn_kernel_gpu_mem,776,1,1,320000,160000,160000,320000,1,40000
nn_kernel_cpu,66746,0,1,0,0,0,0,1,40000
nn_kernel_gpu,90,1,1,0,0,0,0,1,40000
nn_kernel_gpu_mem,776,1,1,320000,160000,160000,320000,1,40000
nn_kernel_cpu,67972,0,1,0,0,0,0,1,3980000
nn_kernel_gpu,197,1,1,0,0,0,0,1,3980000
nn_kernel_gpu_mem,29618,1,1,31840000,15920000,15920000,31840000,1,3980000
nn_kernel_cpu,67857,0,1,0,0,0,0,1,3990000
nn_kernel_gpu,191,1,1,0,0,0,0,1,3990000
nn_kernel_gpu_mem,9611,1,1,31920000,15960000,15960000,31920000,1,3990000
nn_kernel_cpu,67857,0,1,0,0,0,0,1,3990000
nn_kernel_gpu,191,1,1,0,0,0,0,1,3990000
nn_kernel_gpu_mem,9611,1,1,31920000,15960000,15960000,31920000,1,3990000
nn_kernel_cpu,67857,0,1,0,0,0,0,1,3990000
nn_kernel_gpu,191,1,1,0,0,0,0,1,3990000
nn_kernel_gpu_mem,9611,1,1,31920000,15960000,15960000,31920000,1,3990000
nn_kernel_cpu,68345,0,1,0,0,0,0,1,4000000
nn_kernel_gpu,145,1,1,0,0,0,0,1,4000000
nn_kernel_gpu_mem,9476,1,1,32000000,16000000,16000000,32000000,1,4000000
nn_kernel_cpu,67103,0,1,0,0,0,0,1,4010000
nn_kernel_gpu,196,1,1,0,0,0,0,1,4010000
nn_kernel_gpu_mem,9487,1,1,32080000,16040000,16040000,32080000,1,4010000
nn_kernel_cpu,67103,0,1,0,0,0,0,1,4010000
nn_kernel_gpu,196,1,1,0,0,0,0,1,4010000
nn_kernel_gpu_mem,9487,1,1,32080000,16040000,16040000,32080000,1,4010000
nn_kernel_cpu,66994,0,1,0,0,0,0,1,4020000
nn_kernel_gpu,147,1,1,0,0,0,0,1,4020000
nn_kernel_gpu_mem,9545,1,1,32160000,16080000,16080000,32160000,1,4020000
nn_kernel_cpu,66994,0,1,0,0,0,0,1,4020000
nn_kernel_gpu,147,1,1,0,0,0,0,1,4020000
nn_kernel_gpu_mem,9545,1,1,32160000,16080000,16080000,32160000,1,4020000
nn_kernel_cpu,67929,0,1,0,0,0,0,1,4030000
nn_kernel_gpu,180,1,1,0,0,0,0,1,4030000
nn_kernel_gpu_mem,9416,1,1,32240000,16120000,16120000,32240000,1,4030000
nn_kernel_cpu,67929,0,1,0,0,0,0,1,4030000
nn_kernel_gpu,180,1,1,0,0,0,0,1,4030000
nn_kernel_gpu_mem,9416,1,1,32240000,16120000,16120000,32240000,1,4030000
nn_kernel_cpu,66947,0,1,0,0,0,0,1,4040000
nn_kernel_gpu,200,1,1,0,0,0,0,1,4040000
nn_kernel_gpu_mem,9636,1,1,32320000,16160000,16160000,32320000,1,4040000
nn_kernel_cpu,66947,0,1,0,0,0,0,1,4040000
nn_kernel_gpu,200,1,1,0,0,0,0,1,4040000
nn_kernel_gpu_mem,9636,1,1,32320000,16160000,16160000,32320000,1,4040000
nn_kernel_cpu,66947,0,1,0,0,0,0,1,4040000
nn_kernel_gpu,200,1,1,0,0,0,0,1,4040000
nn_kernel_gpu_mem,9636,1,1,32320000,16160000,16160000,32320000,1,4040000
nn_kernel_cpu,64124,0,1,0,0,0,0,1,4050000
nn_kernel_gpu,214,1,1,0,0,0,0,1,4050000
nn_kernel_gpu_mem,9439,1,1,32400000,16200000,16200000,32400000,1,4050000
nn_kernel_cpu,64124,0,1,0,0,0,0,1,4050000
nn_kernel_gpu,214,1,1,0,0,0,0,1,4050000
nn_kernel_gpu_mem,9439,1,1,32400000,16200000,16200000,32400000,1,4050000
nn_kernel_cpu,67078,0,1,0,0,0,0,1,410000
nn_kernel_gpu,81,1,1,0,0,0,0,1,410000
nn_kernel_gpu_mem,2322,1,1,3280000,1640000,1640000,3280000,1,410000
nn_kernel_cpu,67515,0,1,0,0,0,0,1,4060000
nn_kernel_gpu,198,1,1,0,0,0,0,1,4060000
nn_kernel_gpu_mem,9760,1,1,32480000,16240000,16240000,32480000,1,4060000
nn_kernel_cpu,67515,0,1,0,0,0,0,1,4060000
nn_kernel_gpu,198,1,1,0,0,0,0,1,4060000
nn_kernel_gpu_mem,9760,1,1,32480000,16240000,16240000,32480000,1,4060000
nn_kernel_cpu,67923,0,1,0,0,0,0,1,4070000
nn_kernel_gpu,411,1,1,0,0,0,0,1,4070000
nn_kernel_gpu_mem,9825,1,1,32560000,16280000,16280000,32560000,1,4070000
nn_kernel_cpu,67923,0,1,0,0,0,0,1,4070000
nn_kernel_gpu,411,1,1,0,0,0,0,1,4070000
nn_kernel_gpu_mem,9825,1,1,32560000,16280000,16280000,32560000,1,4070000
nn_kernel_cpu,67841,0,1,0,0,0,0,1,4080000
nn_kernel_gpu,178,1,1,0,0,0,0,1,4080000
nn_kernel_gpu_mem,9739,1,1,32640000,16320000,16320000,32640000,1,4080000
nn_kernel_cpu,67841,0,1,0,0,0,0,1,4080000
nn_kernel_gpu,178,1,1,0,0,0,0,1,4080000
nn_kernel_gpu_mem,9739,1,1,32640000,16320000,16320000,32640000,1,4080000
nn_kernel_cpu,67990,0,1,0,0,0,0,1,4090000
nn_kernel_gpu,193,1,1,0,0,0,0,1,4090000
nn_kernel_gpu_mem,9819,1,1,32720000,16360000,16360000,32720000,1,4090000
nn_kernel_cpu,67238,0,1,0,0,0,0,1,4100000
nn_kernel_gpu,213,1,1,0,0,0,0,1,4100000
nn_kernel_gpu_mem,9689,1,1,32800000,16400000,16400000,32800000,1,4100000
nn_kernel_cpu,67238,0,1,0,0,0,0,1,4100000
nn_kernel_gpu,213,1,1,0,0,0,0,1,4100000
nn_kernel_gpu_mem,9689,1,1,32800000,16400000,16400000,32800000,1,4100000
nn_kernel_cpu,67238,0,1,0,0,0,0,1,4100000
nn_kernel_gpu,213,1,1,0,0,0,0,1,4100000
nn_kernel_gpu_mem,9689,1,1,32800000,16400000,16400000,32800000,1,4100000
nn_kernel_cpu,68190,0,1,0,0,0,0,1,4110000
nn_kernel_gpu,219,1,1,0,0,0,0,1,4110000
nn_kernel_gpu_mem,9662,1,1,32880000,16440000,16440000,32880000,1,4110000
nn_kernel_cpu,66816,0,1,0,0,0,0,1,4120000
nn_kernel_gpu,199,1,1,0,0,0,0,1,4120000
nn_kernel_gpu_mem,9697,1,1,32960000,16480000,16480000,32960000,1,4120000
nn_kernel_cpu,66816,0,1,0,0,0,0,1,4120000
nn_kernel_gpu,199,1,1,0,0,0,0,1,4120000
nn_kernel_gpu_mem,9697,1,1,32960000,16480000,16480000,32960000,1,4120000
nn_kernel_cpu,66816,0,1,0,0,0,0,1,4120000
nn_kernel_gpu,199,1,1,0,0,0,0,1,4120000
nn_kernel_gpu_mem,9697,1,1,32960000,16480000,16480000,32960000,1,4120000
nn_kernel_cpu,68200,0,1,0,0,0,0,1,4130000
nn_kernel_gpu,181,1,1,0,0,0,0,1,4130000
nn_kernel_gpu_mem,9808,1,1,33040000,16520000,16520000,33040000,1,4130000
nn_kernel_cpu,68200,0,1,0,0,0,0,1,4130000
nn_kernel_gpu,181,1,1,0,0,0,0,1,4130000
nn_kernel_gpu_mem,9808,1,1,33040000,16520000,16520000,33040000,1,4130000
nn_kernel_cpu,68200,0,1,0,0,0,0,1,4130000
nn_kernel_gpu,181,1,1,0,0,0,0,1,4130000
nn_kernel_gpu_mem,9808,1,1,33040000,16520000,16520000,33040000,1,4130000
nn_kernel_cpu,68108,0,1,0,0,0,0,1,4140000
nn_kernel_gpu,190,1,1,0,0,0,0,1,4140000
nn_kernel_gpu_mem,9803,1,1,33120000,16560000,16560000,33120000,1,4140000
nn_kernel_cpu,66843,0,1,0,0,0,0,1,4150000
nn_kernel_gpu,196,1,1,0,0,0,0,1,4150000
nn_kernel_gpu_mem,9640,1,1,33200000,16600000,16600000,33200000,1,4150000
nn_kernel_cpu,66843,0,1,0,0,0,0,1,4150000
nn_kernel_gpu,196,1,1,0,0,0,0,1,4150000
nn_kernel_gpu_mem,9640,1,1,33200000,16600000,16600000,33200000,1,4150000
nn_kernel_cpu,66843,0,1,0,0,0,0,1,4150000
nn_kernel_gpu,196,1,1,0,0,0,0,1,4150000
nn_kernel_gpu_mem,9640,1,1,33200000,16600000,16600000,33200000,1,4150000
nn_kernel_cpu,68036,0,1,0,0,0,0,1,4160000
nn_kernel_gpu,219,1,1,0,0,0,0,1,4160000
nn_kernel_gpu_mem,10059,1,1,33280000,16640000,16640000,33280000,1,4160000
nn_kernel_cpu,75841,0,1,0,0,0,0,1,4170000
nn_kernel_gpu,197,1,1,0,0,0,0,1,4170000
nn_kernel_gpu_mem,9785,1,1,33360000,16680000,16680000,33360000,1,4170000

nn_kernel_cpu,75841,0,1,0,0,0,0,1,4170000
nn_kernel_gpu,197,1,1,0,0,0,0,1,4170000
nn_kernel_gpu_mem,9785,1,1,33360000,16680000,16680000,33360000,1,4170000

nn_kernel_cpu,75841,0,1,0,0,0,0,1,4170000
nn_kernel_gpu,197,1,1,0,0,0,0,1,4170000
nn_kernel_gpu_mem,9785,1,1,33360000,16680000,16680000,33360000,1,4170000

nn_kernel_cpu,67450,0,1,0,0,0,0,1,4180000
nn_kernel_gpu,184,1,1,0,0,0,0,1,4180000
nn_kernel_gpu_mem,10522,1,1,33440000,16720000,16720000,33440000,1,4180000
nn_kernel_cpu,67450,0,1,0,0,0,0,1,4180000
nn_kernel_gpu,184,1,1,0,0,0,0,1,4180000
nn_kernel_gpu_mem,10522,1,1,33440000,16720000,16720000,33440000,1,4180000
nn_kernel_cpu,67450,0,1,0,0,0,0,1,4180000
nn_kernel_gpu,184,1,1,0,0,0,0,1,4180000
nn_kernel_gpu_mem,10522,1,1,33440000,16720000,16720000,33440000,1,4180000
nn_kernel_cpu,75573,0,1,0,0,0,0,1,4190000
nn_kernel_gpu,200,1,1,0,0,0,0,1,4190000
nn_kernel_gpu_mem,9853,1,1,33520000,16760000,16760000,33520000,1,4190000
nn_kernel_cpu,75573,0,1,0,0,0,0,1,4190000
nn_kernel_gpu,200,1,1,0,0,0,0,1,4190000
nn_kernel_gpu_mem,9853,1,1,33520000,16760000,16760000,33520000,1,4190000
nn_kernel_cpu,67708,0,1,0,0,0,0,1,420000
nn_kernel_gpu,63,1,1,0,0,0,0,1,420000
nn_kernel_gpu_mem,2332,1,1,3360000,1680000,1680000,3360000,1,420000
nn_kernel_cpu,75573,0,1,0,0,0,0,1,4190000
nn_kernel_gpu,200,1,1,0,0,0,0,1,4190000
nn_kernel_gpu_mem,9853,1,1,33520000,16760000,16760000,33520000,1,4190000
nn_kernel_cpu,67478,0,1,0,0,0,0,1,4180000
nn_kernel_gpu,178,1,1,0,0,0,0,1,4180000
nn_kernel_gpu_mem,10502,1,1,33440000,16720000,16720000,33440000,1,4180000
nn_kernel_cpu,67485,0,1,0,0,0,0,1,4200000
nn_kernel_gpu,215,1,1,0,0,0,0,1,4200000
nn_kernel_gpu_mem,10249,1,1,33600000,16800000,16800000,33600000,1,4200000
nn_kernel_cpu,67688,0,1,0,0,0,0,1,4210000
nn_kernel_gpu,201,1,1,0,0,0,0,1,4210000
nn_kernel_gpu_mem,10246,1,1,33680000,16840000,16840000,33680000,1,4210000
nn_kernel_cpu,67688,0,1,0,0,0,0,1,4210000
nn_kernel_gpu,201,1,1,0,0,0,0,1,4210000
nn_kernel_gpu_mem,10246,1,1,33680000,16840000,16840000,33680000,1,4210000
nn_kernel_cpu,67688,0,1,0,0,0,0,1,4210000
nn_kernel_gpu,201,1,1,0,0,0,0,1,4210000
nn_kernel_gpu_mem,10246,1,1,33680000,16840000,16840000,33680000,1,4210000
nn_kernel_cpu,68125,0,1,0,0,0,0,1,4220000
nn_kernel_gpu,193,1,1,0,0,0,0,1,4220000
nn_kernel_gpu_mem,10296,1,1,33760000,16880000,16880000,33760000,1,4220000
nn_kernel_cpu,68125,0,1,0,0,0,0,1,4220000
nn_kernel_gpu,193,1,1,0,0,0,0,1,4220000
nn_kernel_gpu_mem,10296,1,1,33760000,16880000,16880000,33760000,1,4220000
nn_kernel_cpu,67773,0,1,0,0,0,0,1,4230000
nn_kernel_gpu,201,1,1,0,0,0,0,1,4230000
nn_kernel_gpu_mem,10416,1,1,33840000,16920000,16920000,33840000,1,4230000
nn_kernel_cpu,67773,0,1,0,0,0,0,1,4230000
nn_kernel_gpu,201,1,1,0,0,0,0,1,4230000
nn_kernel_gpu_mem,10416,1,1,33840000,16920000,16920000,33840000,1,4230000
nn_kernel_cpu,67773,0,1,0,0,0,0,1,4230000
nn_kernel_gpu,201,1,1,0,0,0,0,1,4230000
nn_kernel_gpu_mem,10416,1,1,33840000,16920000,16920000,33840000,1,4230000
nn_kernel_cpu,67255,0,1,0,0,0,0,1,4240000
nn_kernel_gpu,181,1,1,0,0,0,0,1,4240000
nn_kernel_gpu_mem,10501,1,1,33920000,16960000,16960000,33920000,1,4240000
nn_kernel_cpu,67255,0,1,0,0,0,0,1,4240000
nn_kernel_gpu,181,1,1,0,0,0,0,1,4240000
nn_kernel_gpu_mem,10501,1,1,33920000,16960000,16960000,33920000,1,4240000
nn_kernel_cpu,67599,0,1,0,0,0,0,1,4260000
nn_kernel_gpu,196,1,1,0,0,0,0,1,4260000
nn_kernel_gpu_mem,10363,1,1,34080000,17040000,17040000,34080000,1,4260000
nn_kernel_cpu,67599,0,1,0,0,0,0,1,4260000
nn_kernel_gpu,196,1,1,0,0,0,0,1,4260000
nn_kernel_gpu_mem,10363,1,1,34080000,17040000,17040000,34080000,1,4260000
nn_kernel_cpu,67951,0,1,0,0,0,0,1,4250000
nn_kernel_gpu,214,1,1,0,0,0,0,1,4250000
nn_kernel_gpu_mem,11124,1,1,34000000,17000000,17000000,34000000,1,4250000
nn_kernel_cpu,67739,0,1,0,0,0,0,1,4270000
nn_kernel_gpu,183,1,1,0,0,0,0,1,4270000
nn_kernel_gpu_mem,10344,1,1,34160000,17080000,17080000,34160000,1,4270000
nn_kernel_cpu,67739,0,1,0,0,0,0,1,4270000
nn_kernel_gpu,183,1,1,0,0,0,0,1,4270000
nn_kernel_gpu_mem,10344,1,1,34160000,17080000,17080000,34160000,1,4270000
nn_kernel_cpu,67739,0,1,0,0,0,0,1,4270000
nn_kernel_gpu,183,1,1,0,0,0,0,1,4270000
nn_kernel_gpu_mem,10344,1,1,34160000,17080000,17080000,34160000,1,4270000
nn_kernel_cpu,68299,0,1,0,0,0,0,1,4280000
nn_kernel_gpu,201,1,1,0,0,0,0,1,4280000
nn_kernel_gpu_mem,10456,1,1,34240000,17120000,17120000,34240000,1,4280000
nn_kernel_cpu,67839,0,1,0,0,0,0,1,4290000
nn_kernel_gpu,201,1,1,0,0,0,0,1,4290000
nn_kernel_gpu_mem,10421,1,1,34320000,17160000,17160000,34320000,1,4290000
nn_kernel_cpu,67665,0,1,0,0,0,0,1,430000
nn_kernel_gpu,67,1,1,0,0,0,0,1,430000
nn_kernel_gpu_mem,2331,1,1,3440000,1720000,1720000,3440000,1,430000
nn_kernel_cpu,67665,0,1,0,0,0,0,1,430000
nn_kernel_gpu,67,1,1,0,0,0,0,1,430000
nn_kernel_gpu_mem,2331,1,1,3440000,1720000,1720000,3440000,1,430000
nn_kernel_cpu,67665,0,1,0,0,0,0,1,430000
nn_kernel_gpu,67,1,1,0,0,0,0,1,430000
nn_kernel_gpu_mem,2331,1,1,3440000,1720000,1720000,3440000,1,430000
nn_kernel_cpu,68374,0,1,0,0,0,0,1,4290000
nn_kernel_gpu,195,1,1,0,0,0,0,1,4290000
nn_kernel_gpu_mem,10445,1,1,34320000,17160000,17160000,34320000,1,4290000
nn_kernel_cpu,67367,0,1,0,0,0,0,1,4300000
nn_kernel_gpu,181,1,1,0,0,0,0,1,4300000
nn_kernel_gpu_mem,10522,1,1,34400000,17200000,17200000,34400000,1,4300000
nn_kernel_cpu,67698,0,1,0,0,0,0,1,4280000
nn_kernel_gpu,217,1,1,0,0,0,0,1,4280000
nn_kernel_gpu_mem,10893,1,1,34240000,17120000,17120000,34240000,1,4280000
nn_kernel_cpu,67959,0,1,0,0,0,0,1,4310000
nn_kernel_gpu,195,1,1,0,0,0,0,1,4310000
nn_kernel_gpu_mem,10490,1,1,34480000,17240000,17240000,34480000,1,4310000
nn_kernel_cpu,67959,0,1,0,0,0,0,1,4310000
nn_kernel_gpu,195,1,1,0,0,0,0,1,4310000
nn_kernel_gpu_mem,10490,1,1,34480000,17240000,17240000,34480000,1,4310000
nn_kernel_cpu,67959,0,1,0,0,0,0,1,4310000
nn_kernel_gpu,195,1,1,0,0,0,0,1,4310000
nn_kernel_gpu_mem,10490,1,1,34480000,17240000,17240000,34480000,1,4310000
nn_kernel_cpu,68759,0,1,0,0,0,0,1,4320000
nn_kernel_gpu,195,1,1,0,0,0,0,1,4320000
nn_kernel_gpu_mem,10430,1,1,34560000,17280000,17280000,34560000,1,4320000
nn_kernel_cpu,67804,0,1,0,0,0,0,1,4330000
nn_kernel_gpu,201,1,1,0,0,0,0,1,4330000
nn_kernel_gpu_mem,21610,1,1,34640000,17320000,17320000,34640000,1,4330000
nn_kernel_cpu,67804,0,1,0,0,0,0,1,4330000
nn_kernel_gpu,201,1,1,0,0,0,0,1,4330000
nn_kernel_gpu_mem,21610,1,1,34640000,17320000,17320000,34640000,1,4330000
nn_kernel_cpu,66840,0,1,0,0,0,0,1,4340000
nn_kernel_gpu,181,1,1,0,0,0,0,1,4340000
nn_kernel_gpu_mem,10573,1,1,34720000,17360000,17360000,34720000,1,4340000
nn_kernel_cpu,66840,0,1,0,0,0,0,1,4340000
nn_kernel_gpu,181,1,1,0,0,0,0,1,4340000
nn_kernel_gpu_mem,10573,1,1,34720000,17360000,17360000,34720000,1,4340000
nn_kernel_cpu,66840,0,1,0,0,0,0,1,4340000
nn_kernel_gpu,181,1,1,0,0,0,0,1,4340000
nn_kernel_gpu_mem,10573,1,1,34720000,17360000,17360000,34720000,1,4340000
nn_kernel_cpu,67401,0,1,0,0,0,0,1,4350000
nn_kernel_gpu,217,1,1,0,0,0,0,1,4350000
nn_kernel_gpu_mem,10601,1,1,34800000,17400000,17400000,34800000,1,4350000
nn_kernel_cpu,83758,0,1,0,0,0,0,1,4330000
nn_kernel_gpu,201,1,1,0,0,0,0,1,4330000
nn_kernel_gpu_mem,11208,1,1,34640000,17320000,17320000,34640000,1,4330000
nn_kernel_cpu,67880,0,1,0,0,0,0,1,4360000
nn_kernel_gpu,188,1,1,0,0,0,0,1,4360000
nn_kernel_gpu_mem,10539,1,1,34880000,17440000,17440000,34880000,1,4360000
nn_kernel_cpu,67880,0,1,0,0,0,0,1,4360000
nn_kernel_gpu,188,1,1,0,0,0,0,1,4360000
nn_kernel_gpu_mem,10539,1,1,34880000,17440000,17440000,34880000,1,4360000
nn_kernel_cpu,67038,0,1,0,0,0,0,1,4370000
nn_kernel_gpu,199,1,1,0,0,0,0,1,4370000
nn_kernel_gpu_mem,10631,1,1,34960000,17480000,17480000,34960000,1,4370000
nn_kernel_cpu,67880,0,1,0,0,0,0,1,4360000
nn_kernel_gpu,188,1,1,0,0,0,0,1,4360000
nn_kernel_gpu_mem,10539,1,1,34880000,17440000,17440000,34880000,1,4360000
nn_kernel_cpu,67858,0,1,0,0,0,0,1,4380000
nn_kernel_gpu,218,1,1,0,0,0,0,1,4380000
nn_kernel_gpu_mem,10639,1,1,35040000,17520000,17520000,35040000,1,4380000
nn_kernel_cpu,67858,0,1,0,0,0,0,1,4380000
nn_kernel_gpu,218,1,1,0,0,0,0,1,4380000
nn_kernel_gpu_mem,10639,1,1,35040000,17520000,17520000,35040000,1,4380000
nn_kernel_cpu,67858,0,1,0,0,0,0,1,4380000
nn_kernel_gpu,218,1,1,0,0,0,0,1,4380000
nn_kernel_gpu_mem,10639,1,1,35040000,17520000,17520000,35040000,1,4380000
nn_kernel_cpu,67538,0,1,0,0,0,0,1,4390000
nn_kernel_gpu,199,1,1,0,0,0,0,1,4390000
nn_kernel_gpu_mem,10702,1,1,35120000,17560000,17560000,35120000,1,4390000
nn_kernel_cpu,67538,0,1,0,0,0,0,1,4390000
nn_kernel_gpu,199,1,1,0,0,0,0,1,4390000
nn_kernel_gpu_mem,10702,1,1,35120000,17560000,17560000,35120000,1,4390000
nn_kernel_cpu,67285,0,1,0,0,0,0,1,440000
nn_kernel_gpu,66,1,1,0,0,0,0,1,440000
nn_kernel_gpu_mem,2332,1,1,3520000,1760000,1760000,3520000,1,440000
nn_kernel_cpu,67285,0,1,0,0,0,0,1,440000
nn_kernel_gpu,66,1,1,0,0,0,0,1,440000
nn_kernel_gpu_mem,2332,1,1,3520000,1760000,1760000,3520000,1,440000
nn_kernel_cpu,67285,0,1,0,0,0,0,1,440000
nn_kernel_gpu,66,1,1,0,0,0,0,1,440000
nn_kernel_gpu_mem,2332,1,1,3520000,1760000,1760000,3520000,1,440000
nn_kernel_cpu,67285,0,1,0,0,0,0,1,440000
nn_kernel_gpu,66,1,1,0,0,0,0,1,440000
nn_kernel_gpu_mem,2332,1,1,3520000,1760000,1760000,3520000,1,440000
nn_kernel_cpu,67958,0,1,0,0,0,0,1,4400000
nn_kernel_gpu,195,1,1,0,0,0,0,1,4400000
nn_kernel_gpu_mem,10573,1,1,35200000,17600000,17600000,35200000,1,4400000
nn_kernel_cpu,67958,0,1,0,0,0,0,1,4400000
nn_kernel_gpu,195,1,1,0,0,0,0,1,4400000
nn_kernel_gpu_mem,10573,1,1,35200000,17600000,17600000,35200000,1,4400000
nn_kernel_cpu,67979,0,1,0,0,0,0,1,4410000
nn_kernel_gpu,203,1,1,0,0,0,0,1,4410000
nn_kernel_gpu_mem,10620,1,1,35280000,17640000,17640000,35280000,1,4410000
nn_kernel_cpu,67979,0,1,0,0,0,0,1,4410000
nn_kernel_gpu,203,1,1,0,0,0,0,1,4410000
nn_kernel_gpu_mem,10620,1,1,35280000,17640000,17640000,35280000,1,4410000
nn_kernel_cpu,67790,0,1,0,0,0,0,1,4420000
nn_kernel_gpu,184,1,1,0,0,0,0,1,4420000
nn_kernel_gpu_mem,10634,1,1,35360000,17680000,17680000,35360000,1,4420000
nn_kernel_cpu,67790,0,1,0,0,0,0,1,4420000
nn_kernel_gpu,184,1,1,0,0,0,0,1,4420000
nn_kernel_gpu_mem,10634,1,1,35360000,17680000,17680000,35360000,1,4420000
nn_kernel_cpu,67783,0,1,0,0,0,0,1,4430000
nn_kernel_gpu,195,1,1,0,0,0,0,1,4430000
nn_kernel_gpu_mem,10595,1,1,35440000,17720000,17720000,35440000,1,4430000
nn_kernel_cpu,67783,0,1,0,0,0,0,1,4430000
nn_kernel_gpu,195,1,1,0,0,0,0,1,4430000
nn_kernel_gpu_mem,10595,1,1,35440000,17720000,17720000,35440000,1,4430000
nn_kernel_cpu,67783,0,1,0,0,0,0,1,4430000
nn_kernel_gpu,195,1,1,0,0,0,0,1,4430000
nn_kernel_gpu_mem,10595,1,1,35440000,17720000,17720000,35440000,1,4430000
nn_kernel_cpu,67783,0,1,0,0,0,0,1,4430000
nn_kernel_gpu,195,1,1,0,0,0,0,1,4430000
nn_kernel_gpu_mem,10595,1,1,35440000,17720000,17720000,35440000,1,4430000
nn_kernel_cpu,67352,0,1,0,0,0,0,1,4440000
nn_kernel_gpu,190,1,1,0,0,0,0,1,4440000
nn_kernel_gpu_mem,10764,1,1,35520000,17760000,17760000,35520000,1,4440000
nn_kernel_cpu,67322,0,1,0,0,0,0,1,4450000
nn_kernel_gpu,201,1,1,0,0,0,0,1,4450000
nn_kernel_gpu_mem,10635,1,1,35600000,17800000,17800000,35600000,1,4450000
nn_kernel_cpu,67322,0,1,0,0,0,0,1,4450000
nn_kernel_gpu,201,1,1,0,0,0,0,1,4450000
nn_kernel_gpu_mem,10635,1,1,35600000,17800000,17800000,35600000,1,4450000
nn_kernel_cpu,67820,0,1,0,0,0,0,1,4460000
nn_kernel_gpu,255,1,1,0,0,0,0,1,4460000
nn_kernel_gpu_mem,10815,1,1,35680000,17840000,17840000,35680000,1,4460000
nn_kernel_cpu,67820,0,1,0,0,0,0,1,4460000
nn_kernel_gpu,255,1,1,0,0,0,0,1,4460000
nn_kernel_gpu_mem,10815,1,1,35680000,17840000,17840000,35680000,1,4460000
nn_kernel_cpu,67664,0,1,0,0,0,0,1,4470000
nn_kernel_gpu,201,1,1,0,0,0,0,1,4470000
nn_kernel_gpu_mem,10859,1,1,35760000,17880000,17880000,35760000,1,4470000
nn_kernel_cpu,67664,0,1,0,0,0,0,1,4470000
nn_kernel_gpu,201,1,1,0,0,0,0,1,4470000
nn_kernel_gpu_mem,10859,1,1,35760000,17880000,17880000,35760000,1,4470000
nn_kernel_cpu,67664,0,1,0,0,0,0,1,4470000
nn_kernel_gpu,201,1,1,0,0,0,0,1,4470000
nn_kernel_gpu_mem,10859,1,1,35760000,17880000,17880000,35760000,1,4470000
nn_kernel_cpu,67712,0,1,0,0,0,0,1,4480000
nn_kernel_gpu,200,1,1,0,0,0,0,1,4480000
nn_kernel_gpu_mem,10752,1,1,35840000,17920000,17920000,35840000,1,4480000
nn_kernel_cpu,67505,0,1,0,0,0,0,1,4490000
nn_kernel_gpu,203,1,1,0,0,0,0,1,4490000
nn_kernel_gpu_mem,10867,1,1,35920000,17960000,17960000,35920000,1,4490000
nn_kernel_cpu,75725,0,1,0,0,0,0,1,4460000
nn_kernel_gpu,220,1,1,0,0,0,0,1,4460000
nn_kernel_gpu_mem,9610,1,1,35680000,17840000,17840000,35680000,1,4460000

nn_kernel_cpu,67812,0,1,0,0,0,0,1,4470000
nn_kernel_gpu,185,1,1,0,0,0,0,1,4470000
nn_kernel_gpu_mem,9661,1,1,35760000,17880000,17880000,35760000,1,4470000

nn_kernel_cpu,67481,0,1,0,0,0,0,1,450000
nn_kernel_gpu,78,1,1,0,0,0,0,1,450000
nn_kernel_gpu_mem,2386,1,1,3600000,1800000,1800000,3600000,1,450000
nn_kernel_cpu,67481,0,1,0,0,0,0,1,450000
nn_kernel_gpu,78,1,1,0,0,0,0,1,450000
nn_kernel_gpu_mem,2386,1,1,3600000,1800000,1800000,3600000,1,450000
nn_kernel_cpu,67481,0,1,0,0,0,0,1,450000
nn_kernel_gpu,78,1,1,0,0,0,0,1,450000
nn_kernel_gpu_mem,2386,1,1,3600000,1800000,1800000,3600000,1,450000
nn_kernel_cpu,67936,0,1,0,0,0,0,1,4480000
nn_kernel_gpu,187,1,1,0,0,0,0,1,4480000
nn_kernel_gpu_mem,9607,1,1,35840000,17920000,17920000,35840000,1,4480000

nn_kernel_cpu,67481,0,1,0,0,0,0,1,450000
nn_kernel_gpu,78,1,1,0,0,0,0,1,450000
nn_kernel_gpu_mem,2386,1,1,3600000,1800000,1800000,3600000,1,450000
nn_kernel_cpu,67849,0,1,0,0,0,0,1,4490000
nn_kernel_gpu,217,1,1,0,0,0,0,1,4490000
nn_kernel_gpu_mem,9615,1,1,35920000,17960000,17960000,35920000,1,4490000

nn_kernel_cpu,67251,0,1,0,0,0,0,1,4500000
nn_kernel_gpu,204,1,1,0,0,0,0,1,4500000
nn_kernel_gpu_mem,10920,1,1,36000000,18000000,18000000,36000000,1,4500000
nn_kernel_cpu,67885,0,1,0,0,0,0,1,4500000
nn_kernel_gpu,198,1,1,0,0,0,0,1,4500000
nn_kernel_gpu_mem,9689,1,1,36000000,18000000,18000000,36000000,1,4500000

nn_kernel_cpu,66090,0,1,0,0,0,0,1,4510000
nn_kernel_gpu,186,1,1,0,0,0,0,1,4510000
nn_kernel_gpu_mem,10840,1,1,36080000,18040000,18040000,36080000,1,4510000
nn_kernel_cpu,66090,0,1,0,0,0,0,1,4510000
nn_kernel_gpu,186,1,1,0,0,0,0,1,4510000
nn_kernel_gpu_mem,10840,1,1,36080000,18040000,18040000,36080000,1,4510000
nn_kernel_cpu,66090,0,1,0,0,0,0,1,4510000
nn_kernel_gpu,186,1,1,0,0,0,0,1,4510000
nn_kernel_gpu_mem,10840,1,1,36080000,18040000,18040000,36080000,1,4510000
nn_kernel_cpu,68284,0,1,0,0,0,0,1,4520000
nn_kernel_gpu,202,1,1,0,0,0,0,1,4520000
nn_kernel_gpu_mem,10869,1,1,36160000,18080000,18080000,36160000,1,4520000
nn_kernel_cpu,68284,0,1,0,0,0,0,1,4520000
nn_kernel_gpu,202,1,1,0,0,0,0,1,4520000
nn_kernel_gpu_mem,10869,1,1,36160000,18080000,18080000,36160000,1,4520000
nn_kernel_cpu,68284,0,1,0,0,0,0,1,4520000
nn_kernel_gpu,202,1,1,0,0,0,0,1,4520000
nn_kernel_gpu_mem,10869,1,1,36160000,18080000,18080000,36160000,1,4520000
nn_kernel_cpu,68284,0,1,0,0,0,0,1,4520000
nn_kernel_gpu,202,1,1,0,0,0,0,1,4520000
nn_kernel_gpu_mem,10869,1,1,36160000,18080000,18080000,36160000,1,4520000
nn_kernel_cpu,67858,0,1,0,0,0,0,1,4530000
nn_kernel_gpu,219,1,1,0,0,0,0,1,4530000
nn_kernel_gpu_mem,10913,1,1,36240000,18120000,18120000,36240000,1,4530000
nn_kernel_cpu,67963,0,1,0,0,0,0,1,4520000
nn_kernel_gpu,205,1,1,0,0,0,0,1,4520000
nn_kernel_gpu_mem,9763,1,1,36160000,18080000,18080000,36160000,1,4520000

nn_kernel_cpu,67850,0,1,0,0,0,0,1,4540000
nn_kernel_gpu,205,1,1,0,0,0,0,1,4540000
nn_kernel_gpu_mem,11040,1,1,36320000,18160000,18160000,36320000,1,4540000
nn_kernel_cpu,67837,0,1,0,0,0,0,1,4550000
nn_kernel_gpu,202,1,1,0,0,0,0,1,4550000
nn_kernel_gpu_mem,11005,1,1,36400000,18200000,18200000,36400000,1,4550000
nn_kernel_cpu,67837,0,1,0,0,0,0,1,4550000
nn_kernel_gpu,202,1,1,0,0,0,0,1,4550000
nn_kernel_gpu_mem,11005,1,1,36400000,18200000,18200000,36400000,1,4550000
nn_kernel_cpu,67823,0,1,0,0,0,0,1,4560000
nn_kernel_gpu,190,1,1,0,0,0,0,1,4560000
nn_kernel_gpu_mem,11254,1,1,36480000,18240000,18240000,36480000,1,4560000
nn_kernel_cpu,67596,0,1,0,0,0,0,1,4570000
nn_kernel_gpu,187,1,1,0,0,0,0,1,4570000
nn_kernel_gpu_mem,11006,1,1,36560000,18280000,18280000,36560000,1,4570000
nn_kernel_cpu,67596,0,1,0,0,0,0,1,4570000
nn_kernel_gpu,187,1,1,0,0,0,0,1,4570000
nn_kernel_gpu_mem,11006,1,1,36560000,18280000,18280000,36560000,1,4570000
nn_kernel_cpu,67596,0,1,0,0,0,0,1,4570000
nn_kernel_gpu,187,1,1,0,0,0,0,1,4570000
nn_kernel_gpu_mem,11006,1,1,36560000,18280000,18280000,36560000,1,4570000
nn_kernel_cpu,91340,0,1,0,0,0,0,1,4580000
nn_kernel_gpu,223,1,1,0,0,0,0,1,4580000
nn_kernel_gpu_mem,11000,1,1,36640000,18320000,18320000,36640000,1,4580000
nn_kernel_cpu,91340,0,1,0,0,0,0,1,4580000
nn_kernel_gpu,223,1,1,0,0,0,0,1,4580000
nn_kernel_gpu_mem,11000,1,1,36640000,18320000,18320000,36640000,1,4580000
nn_kernel_cpu,67583,0,1,0,0,0,0,1,460000
nn_kernel_gpu,65,1,1,0,0,0,0,1,460000
nn_kernel_gpu_mem,3204,1,1,3680000,1840000,1840000,3680000,1,460000
nn_kernel_cpu,67583,0,1,0,0,0,0,1,460000
nn_kernel_gpu,65,1,1,0,0,0,0,1,460000
nn_kernel_gpu_mem,3204,1,1,3680000,1840000,1840000,3680000,1,460000
nn_kernel_cpu,67411,0,1,0,0,0,0,1,4560000
nn_kernel_gpu,223,1,1,0,0,0,0,1,4560000
nn_kernel_gpu_mem,9814,1,1,36480000,18240000,18240000,36480000,1,4560000

nn_kernel_cpu,67653,0,1,0,0,0,0,1,4590000
nn_kernel_gpu,242,1,1,0,0,0,0,1,4590000
nn_kernel_gpu_mem,11173,1,1,36720000,18360000,18360000,36720000,1,4590000
nn_kernel_cpu,67669,0,1,0,0,0,0,1,4600000
nn_kernel_gpu,204,1,1,0,0,0,0,1,4600000
nn_kernel_gpu_mem,11249,1,1,36800000,18400000,18400000,36800000,1,4600000
nn_kernel_cpu,67403,0,1,0,0,0,0,1,4610000
nn_kernel_gpu,188,1,1,0,0,0,0,1,4610000
nn_kernel_gpu_mem,11143,1,1,36880000,18440000,18440000,36880000,1,4610000
nn_kernel_cpu,67709,0,1,0,0,0,0,1,4620000
nn_kernel_gpu,190,1,1,0,0,0,0,1,4620000
nn_kernel_gpu_mem,11228,1,1,36960000,18480000,18480000,36960000,1,4620000
nn_kernel_cpu,67709,0,1,0,0,0,0,1,4620000
nn_kernel_gpu,190,1,1,0,0,0,0,1,4620000
nn_kernel_gpu_mem,11228,1,1,36960000,18480000,18480000,36960000,1,4620000
nn_kernel_cpu,67709,0,1,0,0,0,0,1,4620000
nn_kernel_gpu,190,1,1,0,0,0,0,1,4620000
nn_kernel_gpu_mem,11228,1,1,36960000,18480000,18480000,36960000,1,4620000
nn_kernel_cpu,67267,0,1,0,0,0,0,1,4630000
nn_kernel_gpu,204,1,1,0,0,0,0,1,4630000
nn_kernel_gpu_mem,11160,1,1,37040000,18520000,18520000,37040000,1,4630000
nn_kernel_cpu,67267,0,1,0,0,0,0,1,4630000
nn_kernel_gpu,204,1,1,0,0,0,0,1,4630000
nn_kernel_gpu_mem,11160,1,1,37040000,18520000,18520000,37040000,1,4630000
nn_kernel_cpu,67267,0,1,0,0,0,0,1,4630000
nn_kernel_gpu,204,1,1,0,0,0,0,1,4630000
nn_kernel_gpu_mem,11160,1,1,37040000,18520000,18520000,37040000,1,4630000
nn_kernel_cpu,72688,0,1,0,0,0,0,1,4640000
nn_kernel_gpu,206,1,1,0,0,0,0,1,4640000
nn_kernel_gpu_mem,11271,1,1,37120000,18560000,18560000,37120000,1,4640000
nn_kernel_cpu,72688,0,1,0,0,0,0,1,4640000
nn_kernel_gpu,206,1,1,0,0,0,0,1,4640000
nn_kernel_gpu_mem,11271,1,1,37120000,18560000,18560000,37120000,1,4640000
nn_kernel_cpu,67185,0,1,0,0,0,0,1,4650000
nn_kernel_gpu,211,1,1,0,0,0,0,1,4650000
nn_kernel_gpu_mem,11349,1,1,37200000,18600000,18600000,37200000,1,4650000
nn_kernel_cpu,67753,0,1,0,0,0,0,1,4660000
nn_kernel_gpu,206,1,1,0,0,0,0,1,4660000
nn_kernel_gpu_mem,11288,1,1,37280000,18640000,18640000,37280000,1,4660000
nn_kernel_cpu,67089,0,1,0,0,0,0,1,470000
nn_kernel_gpu,78,1,1,0,0,0,0,1,470000
nn_kernel_gpu_mem,2372,1,1,3760000,1880000,1880000,3760000,1,470000
nn_kernel_cpu,68117,0,1,0,0,0,0,1,4670000
nn_kernel_gpu,188,1,1,0,0,0,0,1,4670000
nn_kernel_gpu_mem,11224,1,1,37360000,18680000,18680000,37360000,1,4670000
nn_kernel_cpu,67485,0,1,0,0,0,0,1,4680000
nn_kernel_gpu,189,1,1,0,0,0,0,1,4680000
nn_kernel_gpu_mem,11114,1,1,37440000,18720000,18720000,37440000,1,4680000
nn_kernel_cpu,67485,0,1,0,0,0,0,1,4680000
nn_kernel_gpu,189,1,1,0,0,0,0,1,4680000
nn_kernel_gpu_mem,11114,1,1,37440000,18720000,18720000,37440000,1,4680000
nn_kernel_cpu,67485,0,1,0,0,0,0,1,4680000
nn_kernel_gpu,189,1,1,0,0,0,0,1,4680000
nn_kernel_gpu_mem,11114,1,1,37440000,18720000,18720000,37440000,1,4680000
nn_kernel_cpu,67477,0,1,0,0,0,0,1,4690000
nn_kernel_gpu,223,1,1,0,0,0,0,1,4690000
nn_kernel_gpu_mem,11259,1,1,37520000,18760000,18760000,37520000,1,4690000
nn_kernel_cpu,67477,0,1,0,0,0,0,1,4690000
nn_kernel_gpu,223,1,1,0,0,0,0,1,4690000
nn_kernel_gpu_mem,11259,1,1,37520000,18760000,18760000,37520000,1,4690000
nn_kernel_cpu,67477,0,1,0,0,0,0,1,4690000
nn_kernel_gpu,223,1,1,0,0,0,0,1,4690000
nn_kernel_gpu_mem,11259,1,1,37520000,18760000,18760000,37520000,1,4690000
nn_kernel_cpu,67271,0,1,0,0,0,0,1,4700000
nn_kernel_gpu,207,1,1,0,0,0,0,1,4700000
nn_kernel_gpu_mem,11304,1,1,37600000,18800000,18800000,37600000,1,4700000
nn_kernel_cpu,67271,0,1,0,0,0,0,1,4700000
nn_kernel_gpu,207,1,1,0,0,0,0,1,4700000
nn_kernel_gpu_mem,11304,1,1,37600000,18800000,18800000,37600000,1,4700000
nn_kernel_cpu,67207,0,1,0,0,0,0,1,4710000
nn_kernel_gpu,207,1,1,0,0,0,0,1,4710000
nn_kernel_gpu_mem,11404,1,1,37680000,18840000,18840000,37680000,1,4710000
nn_kernel_cpu,67207,0,1,0,0,0,0,1,4710000
nn_kernel_gpu,207,1,1,0,0,0,0,1,4710000
nn_kernel_gpu_mem,11404,1,1,37680000,18840000,18840000,37680000,1,4710000
nn_kernel_cpu,73963,0,1,0,0,0,0,1,4720000
nn_kernel_gpu,197,1,1,0,0,0,0,1,4720000
nn_kernel_gpu_mem,11523,1,1,37760000,18880000,18880000,37760000,1,4720000
nn_kernel_cpu,73963,0,1,0,0,0,0,1,4720000
nn_kernel_gpu,197,1,1,0,0,0,0,1,4720000
nn_kernel_gpu_mem,11523,1,1,37760000,18880000,18880000,37760000,1,4720000
nn_kernel_cpu,67926,0,1,0,0,0,0,1,4730000
nn_kernel_gpu,202,1,1,0,0,0,0,1,4730000
nn_kernel_gpu_mem,11498,1,1,37840000,18920000,18920000,37840000,1,4730000
nn_kernel_cpu,67926,0,1,0,0,0,0,1,4730000
nn_kernel_gpu,202,1,1,0,0,0,0,1,4730000
nn_kernel_gpu_mem,11498,1,1,37840000,18920000,18920000,37840000,1,4730000
nn_kernel_cpu,67926,0,1,0,0,0,0,1,4730000
nn_kernel_gpu,202,1,1,0,0,0,0,1,4730000
nn_kernel_gpu_mem,11498,1,1,37840000,18920000,18920000,37840000,1,4730000
nn_kernel_cpu,91938,0,1,0,0,0,0,1,4740000
nn_kernel_gpu,209,1,1,0,0,0,0,1,4740000
nn_kernel_gpu_mem,11508,1,1,37920000,18960000,18960000,37920000,1,4740000
nn_kernel_cpu,91938,0,1,0,0,0,0,1,4740000
nn_kernel_gpu,209,1,1,0,0,0,0,1,4740000
nn_kernel_gpu_mem,11508,1,1,37920000,18960000,18960000,37920000,1,4740000
nn_kernel_cpu,91938,0,1,0,0,0,0,1,4740000
nn_kernel_gpu,209,1,1,0,0,0,0,1,4740000
nn_kernel_gpu_mem,11508,1,1,37920000,18960000,18960000,37920000,1,4740000
nn_kernel_cpu,91938,0,1,0,0,0,0,1,4740000
nn_kernel_gpu,209,1,1,0,0,0,0,1,4740000
nn_kernel_gpu_mem,11508,1,1,37920000,18960000,18960000,37920000,1,4740000
nn_kernel_cpu,84175,0,1,0,0,0,0,1,4750000
nn_kernel_gpu,410,1,1,0,0,0,0,1,4750000
nn_kernel_gpu_mem,11685,1,1,38000000,19000000,19000000,38000000,1,4750000
nn_kernel_cpu,84175,0,1,0,0,0,0,1,4750000
nn_kernel_gpu,410,1,1,0,0,0,0,1,4750000
nn_kernel_gpu_mem,11685,1,1,38000000,19000000,19000000,38000000,1,4750000
nn_kernel_cpu,67969,0,1,0,0,0,0,1,4760000
nn_kernel_gpu,1270,1,1,0,0,0,0,1,4760000
nn_kernel_gpu_mem,11582,1,1,38080000,19040000,19040000,38080000,1,4760000
nn_kernel_cpu,67969,0,1,0,0,0,0,1,4760000
nn_kernel_gpu,1270,1,1,0,0,0,0,1,4760000
nn_kernel_gpu_mem,11582,1,1,38080000,19040000,19040000,38080000,1,4760000
nn_kernel_cpu,67531,0,1,0,0,0,0,1,4770000
nn_kernel_gpu,203,1,1,0,0,0,0,1,4770000
nn_kernel_gpu_mem,29004,1,1,38160000,19080000,19080000,38160000,1,4770000

nn_kernel_cpu,67531,0,1,0,0,0,0,1,4770000
nn_kernel_gpu,203,1,1,0,0,0,0,1,4770000
nn_kernel_gpu_mem,29004,1,1,38160000,19080000,19080000,38160000,1,4770000

nn_kernel_cpu,67934,0,1,0,0,0,0,1,4780000
nn_kernel_gpu,227,1,1,0,0,0,0,1,4780000
nn_kernel_gpu_mem,11686,1,1,38240000,19120000,19120000,38240000,1,4780000
nn_kernel_cpu,67934,0,1,0,0,0,0,1,4780000
nn_kernel_gpu,227,1,1,0,0,0,0,1,4780000
nn_kernel_gpu_mem,11686,1,1,38240000,19120000,19120000,38240000,1,4780000
nn_kernel_cpu,67934,0,1,0,0,0,0,1,4780000
nn_kernel_gpu,227,1,1,0,0,0,0,1,4780000
nn_kernel_gpu_mem,11686,1,1,38240000,19120000,19120000,38240000,1,4780000
nn_kernel_cpu,68551,0,1,0,0,0,0,1,4790000
nn_kernel_gpu,205,1,1,0,0,0,0,1,4790000
nn_kernel_gpu_mem,11638,1,1,38320000,19160000,19160000,38320000,1,4790000
nn_kernel_cpu,66620,0,1,0,0,0,0,1,480000
nn_kernel_gpu,65,1,1,0,0,0,0,1,480000
nn_kernel_gpu_mem,2389,1,1,3840000,1920000,1920000,3840000,1,480000
nn_kernel_cpu,66620,0,1,0,0,0,0,1,480000
nn_kernel_gpu,65,1,1,0,0,0,0,1,480000
nn_kernel_gpu_mem,2389,1,1,3840000,1920000,1920000,3840000,1,480000
nn_kernel_cpu,67683,0,1,0,0,0,0,1,4770000
nn_kernel_gpu,209,1,1,0,0,0,0,1,4770000
nn_kernel_gpu_mem,10320,1,1,38160000,19080000,19080000,38160000,1,4770000

nn_kernel_cpu,67631,0,1,0,0,0,0,1,4800000
nn_kernel_gpu,208,1,1,0,0,0,0,1,4800000
nn_kernel_gpu_mem,11752,1,1,38400000,19200000,19200000,38400000,1,4800000
nn_kernel_cpu,67631,0,1,0,0,0,0,1,4800000
nn_kernel_gpu,208,1,1,0,0,0,0,1,4800000
nn_kernel_gpu_mem,11752,1,1,38400000,19200000,19200000,38400000,1,4800000
nn_kernel_cpu,68097,0,1,0,0,0,0,1,4810000
nn_kernel_gpu,208,1,1,0,0,0,0,1,4810000
nn_kernel_gpu_mem,11691,1,1,38480000,19240000,19240000,38480000,1,4810000
nn_kernel_cpu,68097,0,1,0,0,0,0,1,4810000
nn_kernel_gpu,208,1,1,0,0,0,0,1,4810000
nn_kernel_gpu_mem,11691,1,1,38480000,19240000,19240000,38480000,1,4810000
nn_kernel_cpu,68157,0,1,0,0,0,0,1,4820000
nn_kernel_gpu,210,1,1,0,0,0,0,1,4820000
nn_kernel_gpu_mem,11724,1,1,38560000,19280000,19280000,38560000,1,4820000
nn_kernel_cpu,68157,0,1,0,0,0,0,1,4820000
nn_kernel_gpu,210,1,1,0,0,0,0,1,4820000
nn_kernel_gpu_mem,11724,1,1,38560000,19280000,19280000,38560000,1,4820000
nn_kernel_cpu,68157,0,1,0,0,0,0,1,4820000
nn_kernel_gpu,210,1,1,0,0,0,0,1,4820000
nn_kernel_gpu_mem,11724,1,1,38560000,19280000,19280000,38560000,1,4820000
nn_kernel_cpu,68157,0,1,0,0,0,0,1,4820000
nn_kernel_gpu,210,1,1,0,0,0,0,1,4820000
nn_kernel_gpu_mem,11724,1,1,38560000,19280000,19280000,38560000,1,4820000
nn_kernel_cpu,68332,0,1,0,0,0,0,1,4830000
nn_kernel_gpu,210,1,1,0,0,0,0,1,4830000
nn_kernel_gpu_mem,11711,1,1,38640000,19320000,19320000,38640000,1,4830000
nn_kernel_cpu,68332,0,1,0,0,0,0,1,4830000
nn_kernel_gpu,210,1,1,0,0,0,0,1,4830000
nn_kernel_gpu_mem,11711,1,1,38640000,19320000,19320000,38640000,1,4830000
nn_kernel_cpu,67392,0,1,0,0,0,0,1,4840000
nn_kernel_gpu,209,1,1,0,0,0,0,1,4840000
nn_kernel_gpu_mem,11761,1,1,38720000,19360000,19360000,38720000,1,4840000
nn_kernel_cpu,68017,0,1,0,0,0,0,1,4850000
nn_kernel_gpu,449,1,1,0,0,0,0,1,4850000
nn_kernel_gpu_mem,12063,1,1,38800000,19400000,19400000,38800000,1,4850000
nn_kernel_cpu,68017,0,1,0,0,0,0,1,4850000
nn_kernel_gpu,449,1,1,0,0,0,0,1,4850000
nn_kernel_gpu_mem,12063,1,1,38800000,19400000,19400000,38800000,1,4850000
nn_kernel_cpu,66803,0,1,0,0,0,0,1,4860000
nn_kernel_gpu,212,1,1,0,0,0,0,1,4860000
nn_kernel_gpu_mem,11733,1,1,38880000,19440000,19440000,38880000,1,4860000
nn_kernel_cpu,66803,0,1,0,0,0,0,1,4860000
nn_kernel_gpu,212,1,1,0,0,0,0,1,4860000
nn_kernel_gpu_mem,11733,1,1,38880000,19440000,19440000,38880000,1,4860000
nn_kernel_cpu,67729,0,1,0,0,0,0,1,4870000
nn_kernel_gpu,200,1,1,0,0,0,0,1,4870000
nn_kernel_gpu_mem,11816,1,1,38960000,19480000,19480000,38960000,1,4870000
nn_kernel_cpu,67729,0,1,0,0,0,0,1,4870000
nn_kernel_gpu,200,1,1,0,0,0,0,1,4870000
nn_kernel_gpu_mem,11816,1,1,38960000,19480000,19480000,38960000,1,4870000
nn_kernel_cpu,67729,0,1,0,0,0,0,1,4870000
nn_kernel_gpu,200,1,1,0,0,0,0,1,4870000
nn_kernel_gpu_mem,11816,1,1,38960000,19480000,19480000,38960000,1,4870000
nn_kernel_cpu,67729,0,1,0,0,0,0,1,4870000
nn_kernel_gpu,200,1,1,0,0,0,0,1,4870000
nn_kernel_gpu_mem,11816,1,1,38960000,19480000,19480000,38960000,1,4870000
nn_kernel_cpu,67567,0,1,0,0,0,0,1,4880000
nn_kernel_gpu,204,1,1,0,0,0,0,1,4880000
nn_kernel_gpu_mem,11882,1,1,39040000,19520000,19520000,39040000,1,4880000
nn_kernel_cpu,67567,0,1,0,0,0,0,1,4880000
nn_kernel_gpu,204,1,1,0,0,0,0,1,4880000
nn_kernel_gpu_mem,11882,1,1,39040000,19520000,19520000,39040000,1,4880000
nn_kernel_cpu,68268,0,1,0,0,0,0,1,4890000
nn_kernel_gpu,208,1,1,0,0,0,0,1,4890000
nn_kernel_gpu_mem,11816,1,1,39120000,19560000,19560000,39120000,1,4890000
nn_kernel_cpu,67148,0,1,0,0,0,0,1,490000
nn_kernel_gpu,77,1,1,0,0,0,0,1,490000
nn_kernel_gpu_mem,2398,1,1,3920000,1960000,1960000,3920000,1,490000
nn_kernel_cpu,67148,0,1,0,0,0,0,1,490000
nn_kernel_gpu,77,1,1,0,0,0,0,1,490000
nn_kernel_gpu_mem,2398,1,1,3920000,1960000,1960000,3920000,1,490000
nn_kernel_cpu,67148,0,1,0,0,0,0,1,490000
nn_kernel_gpu,77,1,1,0,0,0,0,1,490000
nn_kernel_gpu_mem,2398,1,1,3920000,1960000,1960000,3920000,1,490000
nn_kernel_cpu,67148,0,1,0,0,0,0,1,490000
nn_kernel_gpu,77,1,1,0,0,0,0,1,490000
nn_kernel_gpu_mem,2398,1,1,3920000,1960000,1960000,3920000,1,490000
nn_kernel_cpu,67421,0,1,0,0,0,0,1,4900000
nn_kernel_gpu,214,1,1,0,0,0,0,1,4900000
nn_kernel_gpu_mem,12060,1,1,39200000,19600000,19600000,39200000,1,4900000
nn_kernel_cpu,67421,0,1,0,0,0,0,1,4900000
nn_kernel_gpu,214,1,1,0,0,0,0,1,4900000
nn_kernel_gpu_mem,12060,1,1,39200000,19600000,19600000,39200000,1,4900000
nn_kernel_cpu,68044,0,1,0,0,0,0,1,4910000
nn_kernel_gpu,195,1,1,0,0,0,0,1,4910000
nn_kernel_gpu_mem,11993,1,1,39280000,19640000,19640000,39280000,1,4910000
nn_kernel_cpu,68044,0,1,0,0,0,0,1,4910000
nn_kernel_gpu,195,1,1,0,0,0,0,1,4910000
nn_kernel_gpu_mem,11993,1,1,39280000,19640000,19640000,39280000,1,4910000
nn_kernel_cpu,68044,0,1,0,0,0,0,1,4910000
nn_kernel_gpu,195,1,1,0,0,0,0,1,4910000
nn_kernel_gpu_mem,11993,1,1,39280000,19640000,19640000,39280000,1,4910000
nn_kernel_cpu,68628,0,1,0,0,0,0,1,4920000
nn_kernel_gpu,210,1,1,0,0,0,0,1,4920000
nn_kernel_gpu_mem,11968,1,1,39360000,19680000,19680000,39360000,1,4920000
nn_kernel_cpu,68318,0,1,0,0,0,0,1,4930000
nn_kernel_gpu,210,1,1,0,0,0,0,1,4930000
nn_kernel_gpu_mem,11990,1,1,39440000,19720000,19720000,39440000,1,4930000
nn_kernel_cpu,67466,0,1,0,0,0,0,1,4940000
nn_kernel_gpu,229,1,1,0,0,0,0,1,4940000
nn_kernel_gpu_mem,12094,1,1,39520000,19760000,19760000,39520000,1,4940000
nn_kernel_cpu,67466,0,1,0,0,0,0,1,4940000
nn_kernel_gpu,229,1,1,0,0,0,0,1,4940000
nn_kernel_gpu_mem,12094,1,1,39520000,19760000,19760000,39520000,1,4940000
nn_kernel_cpu,67466,0,1,0,0,0,0,1,4940000
nn_kernel_gpu,229,1,1,0,0,0,0,1,4940000
nn_kernel_gpu_mem,12094,1,1,39520000,19760000,19760000,39520000,1,4940000
nn_kernel_cpu,67398,0,1,0,0,0,0,1,4950000
nn_kernel_gpu,205,1,1,0,0,0,0,1,4950000
nn_kernel_gpu_mem,12117,1,1,39600000,19800000,19800000,39600000,1,4950000
nn_kernel_cpu,67398,0,1,0,0,0,0,1,4950000
nn_kernel_gpu,205,1,1,0,0,0,0,1,4950000
nn_kernel_gpu_mem,12117,1,1,39600000,19800000,19800000,39600000,1,4950000
nn_kernel_cpu,67614,0,1,0,0,0,0,1,4940000
nn_kernel_gpu,210,1,1,0,0,0,0,1,4940000
nn_kernel_gpu_mem,10680,1,1,39520000,19760000,19760000,39520000,1,4940000
nn_kernel_cpu,73756,0,1,0,0,0,0,1,500000
nn_kernel_gpu,66,1,1,0,0,0,0,1,500000
nn_kernel_gpu_mem,2427,1,1,4000000,2000000,2000000,4000000,1,500000
nn_kernel_cpu,67424,0,1,0,0,0,0,1,4960000
nn_kernel_gpu,430,1,1,0,0,0,0,1,4960000
nn_kernel_gpu_mem,12197,1,1,39680000,19840000,19840000,39680000,1,4960000
nn_kernel_cpu,67424,0,1,0,0,0,0,1,4960000
nn_kernel_gpu,430,1,1,0,0,0,0,1,4960000
nn_kernel_gpu_mem,12197,1,1,39680000,19840000,19840000,39680000,1,4960000
nn_kernel_cpu,67424,0,1,0,0,0,0,1,4960000
nn_kernel_gpu,430,1,1,0,0,0,0,1,4960000
nn_kernel_gpu_mem,12197,1,1,39680000,19840000,19840000,39680000,1,4960000
nn_kernel_cpu,63417,0,1,0,0,0,0,1,50000
nn_kernel_gpu,63,1,1,0,0,0,0,1,50000
nn_kernel_gpu_mem,895,1,1,400000,200000,200000,400000,1,50000
nn_kernel_cpu,68097,0,1,0,0,0,0,1,4970000
nn_kernel_gpu,210,1,1,0,0,0,0,1,4970000
nn_kernel_gpu_mem,12077,1,1,39760000,19880000,19880000,39760000,1,4970000
nn_kernel_cpu,67185,0,1,0,0,0,0,1,4980000
nn_kernel_gpu,208,1,1,0,0,0,0,1,4980000
nn_kernel_gpu_mem,12001,1,1,39840000,19920000,19920000,39840000,1,4980000
nn_kernel_cpu,67185,0,1,0,0,0,0,1,4980000
nn_kernel_gpu,208,1,1,0,0,0,0,1,4980000
nn_kernel_gpu_mem,12001,1,1,39840000,19920000,19920000,39840000,1,4980000
nn_kernel_cpu,67098,0,1,0,0,0,0,1,4990000
nn_kernel_gpu,226,1,1,0,0,0,0,1,4990000
nn_kernel_gpu_mem,12115,1,1,39920000,19960000,19960000,39920000,1,4990000
nn_kernel_cpu,67098,0,1,0,0,0,0,1,4990000
nn_kernel_gpu,226,1,1,0,0,0,0,1,4990000
nn_kernel_gpu_mem,12115,1,1,39920000,19960000,19960000,39920000,1,4990000
nn_kernel_cpu,67347,0,1,0,0,0,0,1,5000000
nn_kernel_gpu,213,1,1,0,0,0,0,1,5000000
nn_kernel_gpu_mem,12418,1,1,40000000,20000000,20000000,40000000,1,5000000
nn_kernel_cpu,67347,0,1,0,0,0,0,1,5000000
nn_kernel_gpu,213,1,1,0,0,0,0,1,5000000
nn_kernel_gpu_mem,12418,1,1,40000000,20000000,20000000,40000000,1,5000000
nn_kernel_cpu,67607,0,1,0,0,0,0,1,5010000
nn_kernel_gpu,212,1,1,0,0,0,0,1,5010000
nn_kernel_gpu_mem,12209,1,1,40080000,20040000,20040000,40080000,1,5010000
nn_kernel_cpu,67607,0,1,0,0,0,0,1,5010000
nn_kernel_gpu,212,1,1,0,0,0,0,1,5010000
nn_kernel_gpu_mem,12209,1,1,40080000,20040000,20040000,40080000,1,5010000
nn_kernel_cpu,67674,0,1,0,0,0,0,1,5020000
nn_kernel_gpu,194,1,1,0,0,0,0,1,5020000
nn_kernel_gpu_mem,12275,1,1,40160000,20080000,20080000,40160000,1,5020000
nn_kernel_cpu,67674,0,1,0,0,0,0,1,5020000
nn_kernel_gpu,194,1,1,0,0,0,0,1,5020000
nn_kernel_gpu_mem,12275,1,1,40160000,20080000,20080000,40160000,1,5020000
nn_kernel_cpu,67674,0,1,0,0,0,0,1,5020000
nn_kernel_gpu,194,1,1,0,0,0,0,1,5020000
nn_kernel_gpu_mem,12275,1,1,40160000,20080000,20080000,40160000,1,5020000
nn_kernel_cpu,71179,0,1,0,0,0,0,1,5030000
nn_kernel_gpu,209,1,1,0,0,0,0,1,5030000
nn_kernel_gpu_mem,12147,1,1,40240000,20120000,20120000,40240000,1,5030000
nn_kernel_cpu,71179,0,1,0,0,0,0,1,5030000
nn_kernel_gpu,209,1,1,0,0,0,0,1,5030000
nn_kernel_gpu_mem,12147,1,1,40240000,20120000,20120000,40240000,1,5030000
nn_kernel_cpu,67873,0,1,0,0,0,0,1,5040000
nn_kernel_gpu,227,1,1,0,0,0,0,1,5040000
nn_kernel_gpu_mem,12220,1,1,40320000,20160000,20160000,40320000,1,5040000
nn_kernel_cpu,67873,0,1,0,0,0,0,1,5040000
nn_kernel_gpu,227,1,1,0,0,0,0,1,5040000
nn_kernel_gpu_mem,12220,1,1,40320000,20160000,20160000,40320000,1,5040000
nn_kernel_cpu,67916,0,1,0,0,0,0,1,5050000
nn_kernel_gpu,215,1,1,0,0,0,0,1,5050000
nn_kernel_gpu_mem,12310,1,1,40400000,20200000,20200000,40400000,1,5050000
nn_kernel_cpu,67916,0,1,0,0,0,0,1,5050000
nn_kernel_gpu,215,1,1,0,0,0,0,1,5050000
nn_kernel_gpu_mem,12310,1,1,40400000,20200000,20200000,40400000,1,5050000
nn_kernel_cpu,67786,0,1,0,0,0,0,1,5060000
nn_kernel_gpu,421,1,1,0,0,0,0,1,5060000
nn_kernel_gpu_mem,12448,1,1,40480000,20240000,20240000,40480000,1,5060000
nn_kernel_cpu,67786,0,1,0,0,0,0,1,5060000
nn_kernel_gpu,421,1,1,0,0,0,0,1,5060000
nn_kernel_gpu_mem,12448,1,1,40480000,20240000,20240000,40480000,1,5060000
nn_kernel_cpu,67612,0,1,0,0,0,0,1,5070000
nn_kernel_gpu,191,1,1,0,0,0,0,1,5070000
nn_kernel_gpu_mem,12311,1,1,40560000,20280000,20280000,40560000,1,5070000
nn_kernel_cpu,67612,0,1,0,0,0,0,1,5070000
nn_kernel_gpu,191,1,1,0,0,0,0,1,5070000
nn_kernel_gpu_mem,12311,1,1,40560000,20280000,20280000,40560000,1,5070000
nn_kernel_cpu,67612,0,1,0,0,0,0,1,5070000
nn_kernel_gpu,191,1,1,0,0,0,0,1,5070000
nn_kernel_gpu_mem,12311,1,1,40560000,20280000,20280000,40560000,1,5070000
nn_kernel_cpu,67356,0,1,0,0,0,0,1,5080000
nn_kernel_gpu,217,1,1,0,0,0,0,1,5080000
nn_kernel_gpu_mem,12233,1,1,40640000,20320000,20320000,40640000,1,5080000
nn_kernel_cpu,68016,0,1,0,0,0,0,1,5090000
nn_kernel_gpu,226,1,1,0,0,0,0,1,5090000
nn_kernel_gpu_mem,12290,1,1,40720000,20360000,20360000,40720000,1,5090000
nn_kernel_cpu,68016,0,1,0,0,0,0,1,5090000
nn_kernel_gpu,226,1,1,0,0,0,0,1,5090000
nn_kernel_gpu_mem,12290,1,1,40720000,20360000,20360000,40720000,1,5090000
nn_kernel_cpu,67812,0,1,0,0,0,0,1,510000
nn_kernel_gpu,72,1,1,0,0,0,0,1,510000
nn_kernel_gpu_mem,2441,1,1,4080000,2040000,2040000,4080000,1,510000
nn_kernel_cpu,67812,0,1,0,0,0,0,1,510000
nn_kernel_gpu,72,1,1,0,0,0,0,1,510000
nn_kernel_gpu_mem,2441,1,1,4080000,2040000,2040000,4080000,1,510000
nn_kernel_cpu,75343,0,1,0,0,0,0,1,5100000
nn_kernel_gpu,213,1,1,0,0,0,0,1,5100000
nn_kernel_gpu_mem,12453,1,1,40800000,20400000,20400000,40800000,1,5100000
nn_kernel_cpu,68127,0,1,0,0,0,0,1,5080000
nn_kernel_gpu,208,1,1,0,0,0,0,1,5080000
nn_kernel_gpu_mem,10963,1,1,40640000,20320000,20320000,40640000,1,5080000
nn_kernel_cpu,71757,0,1,0,0,0,0,1,5100000
nn_kernel_gpu,213,1,1,0,0,0,0,1,5100000
nn_kernel_gpu_mem,11232,1,1,40800000,20400000,20400000,40800000,1,5100000
nn_kernel_cpu,68090,0,1,0,0,0,0,1,5110000
nn_kernel_gpu,197,1,1,0,0,0,0,1,5110000
nn_kernel_gpu_mem,12462,1,1,40880000,20440000,20440000,40880000,1,5110000
nn_kernel_cpu,68090,0,1,0,0,0,0,1,5110000
nn_kernel_gpu,197,1,1,0,0,0,0,1,5110000
nn_kernel_gpu_mem,12462,1,1,40880000,20440000,20440000,40880000,1,5110000
nn_kernel_cpu,67613,0,1,0,0,0,0,1,5120000
nn_kernel_gpu,197,1,1,0,0,0,0,1,5120000
nn_kernel_gpu_mem,12326,1,1,40960000,20480000,20480000,40960000,1,5120000
nn_kernel_cpu,67613,0,1,0,0,0,0,1,5120000
nn_kernel_gpu,197,1,1,0,0,0,0,1,5120000
nn_kernel_gpu_mem,12326,1,1,40960000,20480000,20480000,40960000,1,5120000
nn_kernel_cpu,66742,0,1,0,0,0,0,1,5130000
nn_kernel_gpu,215,1,1,0,0,0,0,1,5130000
nn_kernel_gpu_mem,12461,1,1,41040000,20520000,20520000,41040000,1,5130000
nn_kernel_cpu,66742,0,1,0,0,0,0,1,5130000
nn_kernel_gpu,215,1,1,0,0,0,0,1,5130000
nn_kernel_gpu_mem,12461,1,1,41040000,20520000,20520000,41040000,1,5130000
nn_kernel_cpu,66742,0,1,0,0,0,0,1,5130000
nn_kernel_gpu,215,1,1,0,0,0,0,1,5130000
nn_kernel_gpu_mem,12461,1,1,41040000,20520000,20520000,41040000,1,5130000
nn_kernel_cpu,67750,0,1,0,0,0,0,1,5110000
nn_kernel_gpu,213,1,1,0,0,0,0,1,5110000
nn_kernel_gpu_mem,11173,1,1,40880000,20440000,20440000,40880000,1,5110000
nn_kernel_cpu,67218,0,1,0,0,0,0,1,5140000
nn_kernel_gpu,217,1,1,0,0,0,0,1,5140000
nn_kernel_gpu_mem,12526,1,1,41120000,20560000,20560000,41120000,1,5140000
nn_kernel_cpu,63100,0,1,0,0,0,0,1,5150000
nn_kernel_gpu,217,1,1,0,0,0,0,1,5150000
nn_kernel_gpu_mem,12605,1,1,41200000,20600000,20600000,41200000,1,5150000
nn_kernel_cpu,68811,0,1,0,0,0,0,1,5140000
nn_kernel_gpu,209,1,1,0,0,0,0,1,5140000
nn_kernel_gpu_mem,11098,1,1,41120000,20560000,20560000,41120000,1,5140000
nn_kernel_cpu,67571,0,1,0,0,0,0,1,520000
nn_kernel_gpu,81,1,1,0,0,0,0,1,520000
nn_kernel_gpu_mem,2517,1,1,4160000,2080000,2080000,4160000,1,520000
nn_kernel_cpu,75832,0,1,0,0,0,0,1,5160000
nn_kernel_gpu,405,1,1,0,0,0,0,1,5160000
nn_kernel_gpu_mem,12499,1,1,41280000,20640000,20640000,41280000,1,5160000
nn_kernel_cpu,75832,0,1,0,0,0,0,1,5160000
nn_kernel_gpu,405,1,1,0,0,0,0,1,5160000
nn_kernel_gpu_mem,12499,1,1,41280000,20640000,20640000,41280000,1,5160000
nn_kernel_cpu,68000,0,1,0,0,0,0,1,5170000
nn_kernel_gpu,199,1,1,0,0,0,0,1,5170000
nn_kernel_gpu_mem,12424,1,1,41360000,20680000,20680000,41360000,1,5170000
nn_kernel_cpu,68000,0,1,0,0,0,0,1,5170000
nn_kernel_gpu,199,1,1,0,0,0,0,1,5170000
nn_kernel_gpu_mem,12424,1,1,41360000,20680000,20680000,41360000,1,5170000
nn_kernel_cpu,67348,0,1,0,0,0,0,1,5180000
nn_kernel_gpu,212,1,1,0,0,0,0,1,5180000
nn_kernel_gpu_mem,12473,1,1,41440000,20720000,20720000,41440000,1,5180000
nn_kernel_cpu,67348,0,1,0,0,0,0,1,5180000
nn_kernel_gpu,212,1,1,0,0,0,0,1,5180000
nn_kernel_gpu_mem,12473,1,1,41440000,20720000,20720000,41440000,1,5180000
nn_kernel_cpu,67348,0,1,0,0,0,0,1,5180000
nn_kernel_gpu,212,1,1,0,0,0,0,1,5180000
nn_kernel_gpu_mem,12473,1,1,41440000,20720000,20720000,41440000,1,5180000
nn_kernel_cpu,68047,0,1,0,0,0,0,1,5190000
nn_kernel_gpu,215,1,1,0,0,0,0,1,5190000
nn_kernel_gpu_mem,12564,1,1,41520000,20760000,20760000,41520000,1,5190000
nn_kernel_cpu,67681,0,1,0,0,0,0,1,5200000
nn_kernel_gpu,214,1,1,0,0,0,0,1,5200000
nn_kernel_gpu_mem,12607,1,1,41600000,20800000,20800000,41600000,1,5200000
nn_kernel_cpu,67518,0,1,0,0,0,0,1,5210000
nn_kernel_gpu,209,1,1,0,0,0,0,1,5210000
nn_kernel_gpu_mem,12507,1,1,41680000,20840000,20840000,41680000,1,5210000
nn_kernel_cpu,67206,0,1,0,0,0,0,1,5220000
nn_kernel_gpu,212,1,1,0,0,0,0,1,5220000
nn_kernel_gpu_mem,12837,1,1,41760000,20880000,20880000,41760000,1,5220000
nn_kernel_cpu,67206,0,1,0,0,0,0,1,5220000
nn_kernel_gpu,212,1,1,0,0,0,0,1,5220000
nn_kernel_gpu_mem,12837,1,1,41760000,20880000,20880000,41760000,1,5220000
nn_kernel_cpu,75946,0,1,0,0,0,0,1,5230000
nn_kernel_gpu,198,1,1,0,0,0,0,1,5230000
nn_kernel_gpu_mem,12872,1,1,41840000,20920000,20920000,41840000,1,5230000
nn_kernel_cpu,68142,0,1,0,0,0,0,1,5240000
nn_kernel_gpu,198,1,1,0,0,0,0,1,5240000
nn_kernel_gpu_mem,12595,1,1,41920000,20960000,20960000,41920000,1,5240000
nn_kernel_cpu,68142,0,1,0,0,0,0,1,5240000
nn_kernel_gpu,198,1,1,0,0,0,0,1,5240000
nn_kernel_gpu_mem,12595,1,1,41920000,20960000,20960000,41920000,1,5240000
nn_kernel_cpu,67901,0,1,0,0,0,0,1,5250000
nn_kernel_gpu,487,1,1,0,0,0,0,1,5250000
nn_kernel_gpu_mem,15829,1,1,42000000,21000000,21000000,42000000,1,5250000
nn_kernel_cpu,67901,0,1,0,0,0,0,1,5250000
nn_kernel_gpu,487,1,1,0,0,0,0,1,5250000
nn_kernel_gpu_mem,15829,1,1,42000000,21000000,21000000,42000000,1,5250000
nn_kernel_cpu,68115,0,1,0,0,0,0,1,5260000
nn_kernel_gpu,214,1,1,0,0,0,0,1,5260000
nn_kernel_gpu_mem,12912,1,1,42080000,21040000,21040000,42080000,1,5260000
nn_kernel_cpu,68115,0,1,0,0,0,0,1,5260000
nn_kernel_gpu,214,1,1,0,0,0,0,1,5260000
nn_kernel_gpu_mem,12912,1,1,42080000,21040000,21040000,42080000,1,5260000
nn_kernel_cpu,67822,0,1,0,0,0,0,1,5270000
nn_kernel_gpu,215,1,1,0,0,0,0,1,5270000
nn_kernel_gpu_mem,13004,1,1,42160000,21080000,21080000,42160000,1,5270000
nn_kernel_cpu,67346,0,1,0,0,0,0,1,530000
nn_kernel_gpu,119,1,1,0,0,0,0,1,530000
nn_kernel_gpu_mem,2573,1,1,4240000,2120000,2120000,4240000,1,530000
nn_kernel_cpu,67346,0,1,0,0,0,0,1,530000
nn_kernel_gpu,119,1,1,0,0,0,0,1,530000
nn_kernel_gpu_mem,2573,1,1,4240000,2120000,2120000,4240000,1,530000
nn_kernel_cpu,68050,0,1,0,0,0,0,1,5280000
nn_kernel_gpu,212,1,1,0,0,0,0,1,5280000
nn_kernel_gpu_mem,12912,1,1,42240000,21120000,21120000,42240000,1,5280000
nn_kernel_cpu,71485,0,1,0,0,0,0,1,5290000
nn_kernel_gpu,215,1,1,0,0,0,0,1,5290000
nn_kernel_gpu_mem,12979,1,1,42320000,21160000,21160000,42320000,1,5290000
nn_kernel_cpu,71485,0,1,0,0,0,0,1,5290000
nn_kernel_gpu,215,1,1,0,0,0,0,1,5290000
nn_kernel_gpu_mem,12979,1,1,42320000,21160000,21160000,42320000,1,5290000
nn_kernel_cpu,67579,0,1,0,0,0,0,1,5300000
nn_kernel_gpu,196,1,1,0,0,0,0,1,5300000
nn_kernel_gpu_mem,12951,1,1,42400000,21200000,21200000,42400000,1,5300000
nn_kernel_cpu,67861,0,1,0,0,0,0,1,5310000
nn_kernel_gpu,218,1,1,0,0,0,0,1,5310000
nn_kernel_gpu_mem,13177,1,1,42480000,21240000,21240000,42480000,1,5310000
nn_kernel_cpu,67861,0,1,0,0,0,0,1,5310000
nn_kernel_gpu,218,1,1,0,0,0,0,1,5310000
nn_kernel_gpu_mem,13177,1,1,42480000,21240000,21240000,42480000,1,5310000
nn_kernel_cpu,67861,0,1,0,0,0,0,1,5310000
nn_kernel_gpu,218,1,1,0,0,0,0,1,5310000
nn_kernel_gpu_mem,13177,1,1,42480000,21240000,21240000,42480000,1,5310000
nn_kernel_cpu,67736,0,1,0,0,0,0,1,5320000
nn_kernel_gpu,221,1,1,0,0,0,0,1,5320000
nn_kernel_gpu_mem,13025,1,1,42560000,21280000,21280000,42560000,1,5320000
nn_kernel_cpu,67399,0,1,0,0,0,0,1,5330000
nn_kernel_gpu,212,1,1,0,0,0,0,1,5330000
nn_kernel_gpu_mem,12999,1,1,42640000,21320000,21320000,42640000,1,5330000
nn_kernel_cpu,67926,0,1,0,0,0,0,1,5340000
nn_kernel_gpu,201,1,1,0,0,0,0,1,5340000
nn_kernel_gpu_mem,12914,1,1,42720000,21360000,21360000,42720000,1,5340000
nn_kernel_cpu,68074,0,1,0,0,0,0,1,5330000
nn_kernel_gpu,216,1,1,0,0,0,0,1,5330000
nn_kernel_gpu_mem,11719,1,1,42640000,21320000,21320000,42640000,1,5330000
nn_kernel_cpu,67178,0,1,0,0,0,0,1,5350000
nn_kernel_gpu,215,1,1,0,0,0,0,1,5350000
nn_kernel_gpu_mem,12994,1,1,42800000,21400000,21400000,42800000,1,5350000
nn_kernel_cpu,67401,0,1,0,0,0,0,1,5360000
nn_kernel_gpu,219,1,1,0,0,0,0,1,5360000
nn_kernel_gpu_mem,13114,1,1,42880000,21440000,21440000,42880000,1,5360000
nn_kernel_cpu,67401,0,1,0,0,0,0,1,5360000
nn_kernel_gpu,219,1,1,0,0,0,0,1,5360000
nn_kernel_gpu_mem,13114,1,1,42880000,21440000,21440000,42880000,1,5360000
nn_kernel_cpu,66910,0,1,0,0,0,0,1,540000
nn_kernel_gpu,126,1,1,0,0,0,0,1,540000
nn_kernel_gpu_mem,2577,1,1,4320000,2160000,2160000,4320000,1,540000
nn_kernel_cpu,66955,0,1,0,0,0,0,1,5370000
nn_kernel_gpu,370,1,1,0,0,0,0,1,5370000
nn_kernel_gpu_mem,13152,1,1,42960000,21480000,21480000,42960000,1,5370000
nn_kernel_cpu,71548,0,1,0,0,0,0,1,5380000
nn_kernel_gpu,216,1,1,0,0,0,0,1,5380000
nn_kernel_gpu_mem,13188,1,1,43040000,21520000,21520000,43040000,1,5380000
nn_kernel_cpu,71548,0,1,0,0,0,0,1,5380000
nn_kernel_gpu,216,1,1,0,0,0,0,1,5380000
nn_kernel_gpu_mem,13188,1,1,43040000,21520000,21520000,43040000,1,5380000
nn_kernel_cpu,71548,0,1,0,0,0,0,1,5380000
nn_kernel_gpu,216,1,1,0,0,0,0,1,5380000
nn_kernel_gpu_mem,13188,1,1,43040000,21520000,21520000,43040000,1,5380000
nn_kernel_cpu,68006,0,1,0,0,0,0,1,5390000
nn_kernel_gpu,229,1,1,0,0,0,0,1,5390000
nn_kernel_gpu_mem,13228,1,1,43120000,21560000,21560000,43120000,1,5390000
nn_kernel_cpu,67660,0,1,0,0,0,0,1,5400000
nn_kernel_gpu,203,1,1,0,0,0,0,1,5400000
nn_kernel_gpu_mem,13099,1,1,43200000,21600000,21600000,43200000,1,5400000
nn_kernel_cpu,67660,0,1,0,0,0,0,1,5400000
nn_kernel_gpu,203,1,1,0,0,0,0,1,5400000
nn_kernel_gpu_mem,13099,1,1,43200000,21600000,21600000,43200000,1,5400000
nn_kernel_cpu,67883,0,1,0,0,0,0,1,5410000
nn_kernel_gpu,216,1,1,0,0,0,0,1,5410000
nn_kernel_gpu_mem,13085,1,1,43280000,21640000,21640000,43280000,1,5410000
nn_kernel_cpu,68084,0,1,0,0,0,0,1,5420000
nn_kernel_gpu,223,1,1,0,0,0,0,1,5420000
nn_kernel_gpu_mem,13614,1,1,43360000,21680000,21680000,43360000,1,5420000
nn_kernel_cpu,68084,0,1,0,0,0,0,1,5420000
nn_kernel_gpu,223,1,1,0,0,0,0,1,5420000
nn_kernel_gpu_mem,13614,1,1,43360000,21680000,21680000,43360000,1,5420000
nn_kernel_cpu,68084,0,1,0,0,0,0,1,5420000
nn_kernel_gpu,223,1,1,0,0,0,0,1,5420000
nn_kernel_gpu_mem,13614,1,1,43360000,21680000,21680000,43360000,1,5420000
nn_kernel_cpu,67622,0,1,0,0,0,0,1,5440000
nn_kernel_gpu,237,1,1,0,0,0,0,1,5440000
nn_kernel_gpu_mem,11796,1,1,43520000,21760000,21760000,43520000,1,5440000
nn_kernel_cpu,67622,0,1,0,0,0,0,1,5440000
nn_kernel_gpu,237,1,1,0,0,0,0,1,5440000
nn_kernel_gpu_mem,11796,1,1,43520000,21760000,21760000,43520000,1,5440000
nn_kernel_cpu,67622,0,1,0,0,0,0,1,5440000
nn_kernel_gpu,237,1,1,0,0,0,0,1,5440000
nn_kernel_gpu_mem,11796,1,1,43520000,21760000,21760000,43520000,1,5440000
nn_kernel_cpu,67699,0,1,0,0,0,0,1,5430000
nn_kernel_gpu,197,1,1,0,0,0,0,1,5430000
nn_kernel_gpu_mem,12002,1,1,43440000,21720000,21720000,43440000,1,5430000
nn_kernel_cpu,67613,0,1,0,0,0,0,1,5460000
nn_kernel_gpu,205,1,1,0,0,0,0,1,5460000
nn_kernel_gpu_mem,13282,1,1,43680000,21840000,21840000,43680000,1,5460000
nn_kernel_cpu,67613,0,1,0,0,0,0,1,5460000
nn_kernel_gpu,205,1,1,0,0,0,0,1,5460000
nn_kernel_gpu_mem,13282,1,1,43680000,21840000,21840000,43680000,1,5460000
nn_kernel_cpu,68144,0,1,0,0,0,0,1,5450000
nn_kernel_gpu,236,1,1,0,0,0,0,1,5450000
nn_kernel_gpu_mem,12160,1,1,43600000,21800000,21800000,43600000,1,5450000
nn_kernel_cpu,66548,0,1,0,0,0,0,1,550000
nn_kernel_gpu,79,1,1,0,0,0,0,1,550000
nn_kernel_gpu_mem,2586,1,1,4400000,2200000,2200000,4400000,1,550000
nn_kernel_cpu,67389,0,1,0,0,0,0,1,5470000
nn_kernel_gpu,214,1,1,0,0,0,0,1,5470000
nn_kernel_gpu_mem,13326,1,1,43760000,21880000,21880000,43760000,1,5470000
nn_kernel_cpu,68182,0,1,0,0,0,0,1,5480000
nn_kernel_gpu,222,1,1,0,0,0,0,1,5480000
nn_kernel_gpu_mem,13469,1,1,43840000,21920000,21920000,43840000,1,5480000
nn_kernel_cpu,68182,0,1,0,0,0,0,1,5480000
nn_kernel_gpu,222,1,1,0,0,0,0,1,5480000
nn_kernel_gpu_mem,13469,1,1,43840000,21920000,21920000,43840000,1,5480000
nn_kernel_cpu,68182,0,1,0,0,0,0,1,5480000
nn_kernel_gpu,222,1,1,0,0,0,0,1,5480000
nn_kernel_gpu_mem,13469,1,1,43840000,21920000,21920000,43840000,1,5480000
nn_kernel_cpu,67989,0,1,0,0,0,0,1,5490000
nn_kernel_gpu,235,1,1,0,0,0,0,1,5490000
nn_kernel_gpu_mem,13549,1,1,43920000,21960000,21960000,43920000,1,5490000
nn_kernel_cpu,67855,0,1,0,0,0,0,1,5500000
nn_kernel_gpu,201,1,1,0,0,0,0,1,5500000
nn_kernel_gpu_mem,13505,1,1,44000000,22000000,22000000,44000000,1,5500000
nn_kernel_cpu,67855,0,1,0,0,0,0,1,5500000
nn_kernel_gpu,201,1,1,0,0,0,0,1,5500000
nn_kernel_gpu_mem,13505,1,1,44000000,22000000,22000000,44000000,1,5500000
nn_kernel_cpu,67855,0,1,0,0,0,0,1,5500000
nn_kernel_gpu,201,1,1,0,0,0,0,1,5500000
nn_kernel_gpu_mem,13505,1,1,44000000,22000000,22000000,44000000,1,5500000
nn_kernel_cpu,67280,0,1,0,0,0,0,1,5510000
nn_kernel_gpu,214,1,1,0,0,0,0,1,5510000
nn_kernel_gpu_mem,13353,1,1,44080000,22040000,22040000,44080000,1,5510000
nn_kernel_cpu,67896,0,1,0,0,0,0,1,5520000
nn_kernel_gpu,233,1,1,0,0,0,0,1,5520000
nn_kernel_gpu_mem,13531,1,1,44160000,22080000,22080000,44160000,1,5520000
nn_kernel_cpu,67964,0,1,0,0,0,0,1,5530000
nn_kernel_gpu,417,1,1,0,0,0,0,1,5530000
nn_kernel_gpu_mem,13478,1,1,44240000,22120000,22120000,44240000,1,5530000
nn_kernel_cpu,67964,0,1,0,0,0,0,1,5530000
nn_kernel_gpu,417,1,1,0,0,0,0,1,5530000
nn_kernel_gpu_mem,13478,1,1,44240000,22120000,22120000,44240000,1,5530000
nn_kernel_cpu,68119,0,1,0,0,0,0,1,5540000
nn_kernel_gpu,220,1,1,0,0,0,0,1,5540000
nn_kernel_gpu_mem,13742,1,1,44320000,22160000,22160000,44320000,1,5540000
nn_kernel_cpu,68119,0,1,0,0,0,0,1,5540000
nn_kernel_gpu,220,1,1,0,0,0,0,1,5540000
nn_kernel_gpu_mem,13742,1,1,44320000,22160000,22160000,44320000,1,5540000
nn_kernel_cpu,68119,0,1,0,0,0,0,1,5540000
nn_kernel_gpu,220,1,1,0,0,0,0,1,5540000
nn_kernel_gpu_mem,13742,1,1,44320000,22160000,22160000,44320000,1,5540000
nn_kernel_cpu,68254,0,1,0,0,0,0,1,5550000
nn_kernel_gpu,240,1,1,0,0,0,0,1,5550000
nn_kernel_gpu_mem,13610,1,1,44400000,22200000,22200000,44400000,1,5550000
nn_kernel_cpu,75325,0,1,0,0,0,0,1,5560000
nn_kernel_gpu,219,1,1,0,0,0,0,1,5560000
nn_kernel_gpu_mem,13582,1,1,44480000,22240000,22240000,44480000,1,5560000
nn_kernel_cpu,75325,0,1,0,0,0,0,1,5560000
nn_kernel_gpu,219,1,1,0,0,0,0,1,5560000
nn_kernel_gpu_mem,13582,1,1,44480000,22240000,22240000,44480000,1,5560000
nn_kernel_cpu,68267,0,1,0,0,0,0,1,5570000
nn_kernel_gpu,203,1,1,0,0,0,0,1,5570000
nn_kernel_gpu_mem,13469,1,1,44560000,22280000,22280000,44560000,1,5570000
nn_kernel_cpu,67461,0,1,0,0,0,0,1,560000
nn_kernel_gpu,79,1,1,0,0,0,0,1,560000
nn_kernel_gpu_mem,2676,1,1,4480000,2240000,2240000,4480000,1,560000
nn_kernel_cpu,67461,0,1,0,0,0,0,1,560000
nn_kernel_gpu,79,1,1,0,0,0,0,1,560000
nn_kernel_gpu_mem,2676,1,1,4480000,2240000,2240000,4480000,1,560000
nn_kernel_cpu,67427,0,1,0,0,0,0,1,5560000
nn_kernel_gpu,201,1,1,0,0,0,0,1,5560000
nn_kernel_gpu_mem,12439,1,1,44480000,22240000,22240000,44480000,1,5560000
nn_kernel_cpu,67559,0,1,0,0,0,0,1,5580000
nn_kernel_gpu,219,1,1,0,0,0,0,1,5580000
nn_kernel_gpu_mem,13604,1,1,44640000,22320000,22320000,44640000,1,5580000
nn_kernel_cpu,41458,0,1,0,0,0,0,1,5590000
nn_kernel_gpu,214,1,1,0,0,0,0,1,5590000
nn_kernel_gpu_mem,13227,1,1,44720000,22360000,22360000,44720000,1,5590000
nn_kernel_cpu,41458,0,1,0,0,0,0,1,5590000
nn_kernel_gpu,214,1,1,0,0,0,0,1,5590000
nn_kernel_gpu_mem,13227,1,1,44720000,22360000,22360000,44720000,1,5590000
nn_kernel_cpu,67998,0,1,0,0,0,0,1,5600000
nn_kernel_gpu,220,1,1,0,0,0,0,1,5600000
nn_kernel_gpu_mem,13811,1,1,44800000,22400000,22400000,44800000,1,5600000
nn_kernel_cpu,67998,0,1,0,0,0,0,1,5600000
nn_kernel_gpu,220,1,1,0,0,0,0,1,5600000
nn_kernel_gpu_mem,13811,1,1,44800000,22400000,22400000,44800000,1,5600000
nn_kernel_cpu,67998,0,1,0,0,0,0,1,5600000
nn_kernel_gpu,220,1,1,0,0,0,0,1,5600000
nn_kernel_gpu_mem,13811,1,1,44800000,22400000,22400000,44800000,1,5600000
nn_kernel_cpu,67601,0,1,0,0,0,0,1,5610000
nn_kernel_gpu,220,1,1,0,0,0,0,1,5610000
nn_kernel_gpu_mem,13631,1,1,44880000,22440000,22440000,44880000,1,5610000
nn_kernel_cpu,68474,0,1,0,0,0,0,1,5620000
nn_kernel_gpu,240,1,1,0,0,0,0,1,5620000
nn_kernel_gpu_mem,13759,1,1,44960000,22480000,22480000,44960000,1,5620000
nn_kernel_cpu,68474,0,1,0,0,0,0,1,5620000
nn_kernel_gpu,240,1,1,0,0,0,0,1,5620000
nn_kernel_gpu_mem,13759,1,1,44960000,22480000,22480000,44960000,1,5620000
nn_kernel_cpu,68085,0,1,0,0,0,0,1,5630000
nn_kernel_gpu,217,1,1,0,0,0,0,1,5630000
nn_kernel_gpu_mem,13770,1,1,45040000,22520000,22520000,45040000,1,5630000
nn_kernel_cpu,68085,0,1,0,0,0,0,1,5630000
nn_kernel_gpu,217,1,1,0,0,0,0,1,5630000
nn_kernel_gpu_mem,13770,1,1,45040000,22520000,22520000,45040000,1,5630000
nn_kernel_cpu,68085,0,1,0,0,0,0,1,5630000
nn_kernel_gpu,217,1,1,0,0,0,0,1,5630000
nn_kernel_gpu_mem,13770,1,1,45040000,22520000,22520000,45040000,1,5630000
nn_kernel_cpu,68112,0,1,0,0,0,0,1,5640000
nn_kernel_gpu,231,1,1,0,0,0,0,1,5640000
nn_kernel_gpu_mem,13626,1,1,45120000,22560000,22560000,45120000,1,5640000
nn_kernel_cpu,68112,0,1,0,0,0,0,1,5640000
nn_kernel_gpu,231,1,1,0,0,0,0,1,5640000
nn_kernel_gpu_mem,13626,1,1,45120000,22560000,22560000,45120000,1,5640000
nn_kernel_cpu,67921,0,1,0,0,0,0,1,5650000
nn_kernel_gpu,224,1,1,0,0,0,0,1,5650000
nn_kernel_gpu_mem,13895,1,1,45200000,22600000,22600000,45200000,1,5650000
nn_kernel_cpu,67833,0,1,0,0,0,0,1,5650000
nn_kernel_gpu,221,1,1,0,0,0,0,1,5650000
nn_kernel_gpu_mem,12484,1,1,45200000,22600000,22600000,45200000,1,5650000
nn_kernel_cpu,67833,0,1,0,0,0,0,1,5650000
nn_kernel_gpu,221,1,1,0,0,0,0,1,5650000
nn_kernel_gpu_mem,12484,1,1,45200000,22600000,22600000,45200000,1,5650000
nn_kernel_cpu,68352,0,1,0,0,0,0,1,5660000
nn_kernel_gpu,220,1,1,0,0,0,0,1,5660000
nn_kernel_gpu_mem,39444,1,1,45280000,22640000,22640000,45280000,1,5660000
nn_kernel_cpu,67254,0,1,0,0,0,0,1,570000
nn_kernel_gpu,79,1,1,0,0,0,0,1,570000
nn_kernel_gpu_mem,2606,1,1,4560000,2280000,2280000,4560000,1,570000

nn_kernel_cpu,67254,0,1,0,0,0,0,1,570000
nn_kernel_gpu,79,1,1,0,0,0,0,1,570000
nn_kernel_gpu_mem,2606,1,1,4560000,2280000,2280000,4560000,1,570000

nn_kernel_cpu,71162,0,1,0,0,0,0,1,5670000
nn_kernel_gpu,238,1,1,0,0,0,0,1,5670000
nn_kernel_gpu_mem,13944,1,1,45360000,22680000,22680000,45360000,1,5670000
nn_kernel_cpu,71162,0,1,0,0,0,0,1,5670000
nn_kernel_gpu,238,1,1,0,0,0,0,1,5670000
nn_kernel_gpu_mem,13944,1,1,45360000,22680000,22680000,45360000,1,5670000
nn_kernel_cpu,67809,0,1,0,0,0,0,1,5680000
nn_kernel_gpu,221,1,1,0,0,0,0,1,5680000
nn_kernel_gpu_mem,13786,1,1,45440000,22720000,22720000,45440000,1,5680000
nn_kernel_cpu,67809,0,1,0,0,0,0,1,5680000
nn_kernel_gpu,221,1,1,0,0,0,0,1,5680000
nn_kernel_gpu_mem,13786,1,1,45440000,22720000,22720000,45440000,1,5680000
nn_kernel_cpu,67809,0,1,0,0,0,0,1,5680000
nn_kernel_gpu,221,1,1,0,0,0,0,1,5680000
nn_kernel_gpu_mem,13786,1,1,45440000,22720000,22720000,45440000,1,5680000
nn_kernel_cpu,68170,0,1,0,0,0,0,1,5690000
nn_kernel_gpu,224,1,1,0,0,0,0,1,5690000
nn_kernel_gpu_mem,13735,1,1,45520000,22760000,22760000,45520000,1,5690000
nn_kernel_cpu,68170,0,1,0,0,0,0,1,5690000
nn_kernel_gpu,224,1,1,0,0,0,0,1,5690000
nn_kernel_gpu_mem,13735,1,1,45520000,22760000,22760000,45520000,1,5690000
nn_kernel_cpu,67993,0,1,0,0,0,0,1,5700000
nn_kernel_gpu,222,1,1,0,0,0,0,1,5700000
nn_kernel_gpu_mem,12480,1,1,45600000,22800000,22800000,45600000,1,5700000
nn_kernel_cpu,67626,0,1,0,0,0,0,1,5710000
nn_kernel_gpu,224,1,1,0,0,0,0,1,5710000
nn_kernel_gpu_mem,13833,1,1,45680000,22840000,22840000,45680000,1,5710000
nn_kernel_cpu,67834,0,1,0,0,0,0,1,5720000
nn_kernel_gpu,416,1,1,0,0,0,0,1,5720000
nn_kernel_gpu_mem,13751,1,1,45760000,22880000,22880000,45760000,1,5720000
nn_kernel_cpu,67834,0,1,0,0,0,0,1,5720000
nn_kernel_gpu,416,1,1,0,0,0,0,1,5720000
nn_kernel_gpu_mem,13751,1,1,45760000,22880000,22880000,45760000,1,5720000
nn_kernel_cpu,67834,0,1,0,0,0,0,1,5720000
nn_kernel_gpu,416,1,1,0,0,0,0,1,5720000
nn_kernel_gpu_mem,13751,1,1,45760000,22880000,22880000,45760000,1,5720000
nn_kernel_cpu,67674,0,1,0,0,0,0,1,5730000
nn_kernel_gpu,235,1,1,0,0,0,0,1,5730000
nn_kernel_gpu_mem,13806,1,1,45840000,22920000,22920000,45840000,1,5730000
nn_kernel_cpu,67674,0,1,0,0,0,0,1,5730000
nn_kernel_gpu,235,1,1,0,0,0,0,1,5730000
nn_kernel_gpu_mem,13806,1,1,45840000,22920000,22920000,45840000,1,5730000
nn_kernel_cpu,67600,0,1,0,0,0,0,1,5740000
nn_kernel_gpu,202,1,1,0,0,0,0,1,5740000
nn_kernel_gpu_mem,13977,1,1,45920000,22960000,22960000,45920000,1,5740000
nn_kernel_cpu,67600,0,1,0,0,0,0,1,5740000
nn_kernel_gpu,202,1,1,0,0,0,0,1,5740000
nn_kernel_gpu_mem,13977,1,1,45920000,22960000,22960000,45920000,1,5740000
nn_kernel_cpu,67751,0,1,0,0,0,0,1,5750000
nn_kernel_gpu,219,1,1,0,0,0,0,1,5750000
nn_kernel_gpu_mem,13980,1,1,46000000,23000000,23000000,46000000,1,5750000
nn_kernel_cpu,67751,0,1,0,0,0,0,1,5750000
nn_kernel_gpu,219,1,1,0,0,0,0,1,5750000
nn_kernel_gpu_mem,13980,1,1,46000000,23000000,23000000,46000000,1,5750000
nn_kernel_cpu,67680,0,1,0,0,0,0,1,580000
nn_kernel_gpu,131,1,1,0,0,0,0,1,580000
nn_kernel_gpu_mem,2599,1,1,4640000,2320000,2320000,4640000,1,580000
nn_kernel_cpu,67680,0,1,0,0,0,0,1,580000
nn_kernel_gpu,131,1,1,0,0,0,0,1,580000
nn_kernel_gpu_mem,2599,1,1,4640000,2320000,2320000,4640000,1,580000
nn_kernel_cpu,67189,0,1,0,0,0,0,1,5760000
nn_kernel_gpu,223,1,1,0,0,0,0,1,5760000
nn_kernel_gpu_mem,14100,1,1,46080000,23040000,23040000,46080000,1,5760000
nn_kernel_cpu,68551,0,1,0,0,0,0,1,5770000
nn_kernel_gpu,221,1,1,0,0,0,0,1,5770000
nn_kernel_gpu_mem,14232,1,1,46160000,23080000,23080000,46160000,1,5770000
nn_kernel_cpu,67256,0,1,0,0,0,0,1,5780000
nn_kernel_gpu,207,1,1,0,0,0,0,1,5780000
nn_kernel_gpu_mem,13993,1,1,46240000,23120000,23120000,46240000,1,5780000
nn_kernel_cpu,67256,0,1,0,0,0,0,1,5780000
nn_kernel_gpu,207,1,1,0,0,0,0,1,5780000
nn_kernel_gpu_mem,13993,1,1,46240000,23120000,23120000,46240000,1,5780000
nn_kernel_cpu,67256,0,1,0,0,0,0,1,5780000
nn_kernel_gpu,207,1,1,0,0,0,0,1,5780000
nn_kernel_gpu_mem,13993,1,1,46240000,23120000,23120000,46240000,1,5780000
nn_kernel_cpu,68128,0,1,0,0,0,0,1,5790000
nn_kernel_gpu,454,1,1,0,0,0,0,1,5790000
nn_kernel_gpu_mem,14075,1,1,46320000,23160000,23160000,46320000,1,5790000
nn_kernel_cpu,68128,0,1,0,0,0,0,1,5790000
nn_kernel_gpu,454,1,1,0,0,0,0,1,5790000
nn_kernel_gpu_mem,14075,1,1,46320000,23160000,23160000,46320000,1,5790000
nn_kernel_cpu,67648,0,1,0,0,0,0,1,5800000
nn_kernel_gpu,205,1,1,0,0,0,0,1,5800000
nn_kernel_gpu_mem,14270,1,1,46400000,23200000,23200000,46400000,1,5800000
nn_kernel_cpu,67648,0,1,0,0,0,0,1,5800000
nn_kernel_gpu,205,1,1,0,0,0,0,1,5800000
nn_kernel_gpu_mem,14270,1,1,46400000,23200000,23200000,46400000,1,5800000
nn_kernel_cpu,40211,0,1,0,0,0,0,1,5810000
nn_kernel_gpu,218,1,1,0,0,0,0,1,5810000
nn_kernel_gpu_mem,13704,1,1,46480000,23240000,23240000,46480000,1,5810000
nn_kernel_cpu,40211,0,1,0,0,0,0,1,5810000
nn_kernel_gpu,218,1,1,0,0,0,0,1,5810000
nn_kernel_gpu_mem,13704,1,1,46480000,23240000,23240000,46480000,1,5810000
nn_kernel_cpu,67917,0,1,0,0,0,0,1,5820000
nn_kernel_gpu,225,1,1,0,0,0,0,1,5820000
nn_kernel_gpu_mem,14255,1,1,46560000,23280000,23280000,46560000,1,5820000
nn_kernel_cpu,68124,0,1,0,0,0,0,1,5830000
nn_kernel_gpu,224,1,1,0,0,0,0,1,5830000
nn_kernel_gpu_mem,14201,1,1,46640000,23320000,23320000,46640000,1,5830000
nn_kernel_cpu,67347,0,1,0,0,0,0,1,5840000
nn_kernel_gpu,209,1,1,0,0,0,0,1,5840000
nn_kernel_gpu_mem,14187,1,1,46720000,23360000,23360000,46720000,1,5840000
nn_kernel_cpu,67347,0,1,0,0,0,0,1,5840000
nn_kernel_gpu,209,1,1,0,0,0,0,1,5840000
nn_kernel_gpu_mem,14187,1,1,46720000,23360000,23360000,46720000,1,5840000
nn_kernel_cpu,67753,0,1,0,0,0,0,1,5850000
nn_kernel_gpu,217,1,1,0,0,0,0,1,5850000
nn_kernel_gpu_mem,14361,1,1,46800000,23400000,23400000,46800000,1,5850000
nn_kernel_cpu,67753,0,1,0,0,0,0,1,5850000
nn_kernel_gpu,217,1,1,0,0,0,0,1,5850000
nn_kernel_gpu_mem,14361,1,1,46800000,23400000,23400000,46800000,1,5850000
nn_kernel_cpu,67753,0,1,0,0,0,0,1,5850000
nn_kernel_gpu,217,1,1,0,0,0,0,1,5850000
nn_kernel_gpu_mem,14361,1,1,46800000,23400000,23400000,46800000,1,5850000
nn_kernel_cpu,67454,0,1,0,0,0,0,1,5860000
nn_kernel_gpu,209,1,1,0,0,0,0,1,5860000
nn_kernel_gpu_mem,14378,1,1,46880000,23440000,23440000,46880000,1,5860000
nn_kernel_cpu,67977,0,1,0,0,0,0,1,5840000
nn_kernel_gpu,225,1,1,0,0,0,0,1,5840000
nn_kernel_gpu_mem,12997,1,1,46720000,23360000,23360000,46720000,1,5840000
nn_kernel_cpu,74539,0,1,0,0,0,0,1,590000
nn_kernel_gpu,119,1,1,0,0,0,0,1,590000
nn_kernel_gpu_mem,2622,1,1,4720000,2360000,2360000,4720000,1,590000
nn_kernel_cpu,74539,0,1,0,0,0,0,1,590000
nn_kernel_gpu,119,1,1,0,0,0,0,1,590000
nn_kernel_gpu_mem,2622,1,1,4720000,2360000,2360000,4720000,1,590000
nn_kernel_cpu,74539,0,1,0,0,0,0,1,590000
nn_kernel_gpu,119,1,1,0,0,0,0,1,590000
nn_kernel_gpu_mem,2622,1,1,4720000,2360000,2360000,4720000,1,590000
nn_kernel_cpu,74539,0,1,0,0,0,0,1,590000
nn_kernel_gpu,119,1,1,0,0,0,0,1,590000
nn_kernel_gpu_mem,2622,1,1,4720000,2360000,2360000,4720000,1,590000
nn_kernel_cpu,68002,0,1,0,0,0,0,1,5870000
nn_kernel_gpu,222,1,1,0,0,0,0,1,5870000
nn_kernel_gpu_mem,14210,1,1,46960000,23480000,23480000,46960000,1,5870000
nn_kernel_cpu,68002,0,1,0,0,0,0,1,5870000
nn_kernel_gpu,222,1,1,0,0,0,0,1,5870000
nn_kernel_gpu_mem,14210,1,1,46960000,23480000,23480000,46960000,1,5870000
nn_kernel_cpu,67102,0,1,0,0,0,0,1,5880000
nn_kernel_gpu,310,1,1,0,0,0,0,1,5880000
nn_kernel_gpu_mem,14535,1,1,47040000,23520000,23520000,47040000,1,5880000
nn_kernel_cpu,68027,0,1,0,0,0,0,1,5890000
nn_kernel_gpu,225,1,1,0,0,0,0,1,5890000
nn_kernel_gpu_mem,15931,1,1,47120000,23560000,23560000,47120000,1,5890000
nn_kernel_cpu,67427,0,1,0,0,0,0,1,5900000
nn_kernel_gpu,208,1,1,0,0,0,0,1,5900000
nn_kernel_gpu_mem,14325,1,1,47200000,23600000,23600000,47200000,1,5900000
nn_kernel_cpu,67427,0,1,0,0,0,0,1,5900000
nn_kernel_gpu,208,1,1,0,0,0,0,1,5900000
nn_kernel_gpu_mem,14325,1,1,47200000,23600000,23600000,47200000,1,5900000
nn_kernel_cpu,66798,0,1,0,0,0,0,1,5910000
nn_kernel_gpu,226,1,1,0,0,0,0,1,5910000
nn_kernel_gpu_mem,16007,1,1,47280000,23640000,23640000,47280000,1,5910000
nn_kernel_cpu,86730,0,1,0,0,0,0,1,5920000
nn_kernel_gpu,205,1,1,0,0,0,0,1,5920000
nn_kernel_gpu_mem,14444,1,1,47360000,23680000,23680000,47360000,1,5920000
nn_kernel_cpu,86730,0,1,0,0,0,0,1,5920000
nn_kernel_gpu,205,1,1,0,0,0,0,1,5920000
nn_kernel_gpu_mem,14444,1,1,47360000,23680000,23680000,47360000,1,5920000
nn_kernel_cpu,86730,0,1,0,0,0,0,1,5920000
nn_kernel_gpu,205,1,1,0,0,0,0,1,5920000
nn_kernel_gpu_mem,14444,1,1,47360000,23680000,23680000,47360000,1,5920000
nn_kernel_cpu,86730,0,1,0,0,0,0,1,5920000
nn_kernel_gpu,205,1,1,0,0,0,0,1,5920000
nn_kernel_gpu_mem,14444,1,1,47360000,23680000,23680000,47360000,1,5920000
nn_kernel_cpu,68016,0,1,0,0,0,0,1,5930000
nn_kernel_gpu,223,1,1,0,0,0,0,1,5930000
nn_kernel_gpu_mem,15868,1,1,47440000,23720000,23720000,47440000,1,5930000
nn_kernel_cpu,68016,0,1,0,0,0,0,1,5930000
nn_kernel_gpu,223,1,1,0,0,0,0,1,5930000
nn_kernel_gpu_mem,15868,1,1,47440000,23720000,23720000,47440000,1,5930000
nn_kernel_cpu,67557,0,1,0,0,0,0,1,5940000
nn_kernel_gpu,223,1,1,0,0,0,0,1,5940000
nn_kernel_gpu_mem,16164,1,1,47520000,23760000,23760000,47520000,1,5940000
nn_kernel_cpu,67461,0,1,0,0,0,0,1,5950000
nn_kernel_gpu,225,1,1,0,0,0,0,1,5950000
nn_kernel_gpu_mem,14709,1,1,47600000,23800000,23800000,47600000,1,5950000
nn_kernel_cpu,67739,0,1,0,0,0,0,1,5960000
nn_kernel_gpu,871,1,1,0,0,0,0,1,5960000
nn_kernel_gpu_mem,14590,1,1,47680000,23840000,23840000,47680000,1,5960000
nn_kernel_cpu,67739,0,1,0,0,0,0,1,5960000
nn_kernel_gpu,871,1,1,0,0,0,0,1,5960000
nn_kernel_gpu_mem,14590,1,1,47680000,23840000,23840000,47680000,1,5960000
nn_kernel_cpu,67395,0,1,0,0,0,0,1,60000
nn_kernel_gpu,77,1,1,0,0,0,0,1,60000
nn_kernel_gpu_mem,795,1,1,480000,240000,240000,480000,1,60000
nn_kernel_cpu,67403,0,1,0,0,0,0,1,600000
nn_kernel_gpu,118,1,1,0,0,0,0,1,600000
nn_kernel_gpu_mem,2777,1,1,4800000,2400000,2400000,4800000,1,600000
nn_kernel_cpu,40308,0,1,0,0,0,0,1,5970000
nn_kernel_gpu,225,1,1,0,0,0,0,1,5970000
nn_kernel_gpu_mem,14170,1,1,47760000,23880000,23880000,47760000,1,5970000
nn_kernel_cpu,67403,0,1,0,0,0,0,1,600000
nn_kernel_gpu,118,1,1,0,0,0,0,1,600000
nn_kernel_gpu_mem,2777,1,1,4800000,2400000,2400000,4800000,1,600000
nn_kernel_cpu,67715,0,1,0,0,0,0,1,5980000
nn_kernel_gpu,217,1,1,0,0,0,0,1,5980000
nn_kernel_gpu_mem,14547,1,1,47840000,23920000,23920000,47840000,1,5980000
nn_kernel_cpu,67715,0,1,0,0,0,0,1,5980000
nn_kernel_gpu,217,1,1,0,0,0,0,1,5980000
nn_kernel_gpu_mem,14547,1,1,47840000,23920000,23920000,47840000,1,5980000
nn_kernel_cpu,67715,0,1,0,0,0,0,1,5980000
nn_kernel_gpu,217,1,1,0,0,0,0,1,5980000
nn_kernel_gpu_mem,14547,1,1,47840000,23920000,23920000,47840000,1,5980000
nn_kernel_cpu,67715,0,1,0,0,0,0,1,5980000
nn_kernel_gpu,217,1,1,0,0,0,0,1,5980000
nn_kernel_gpu_mem,14547,1,1,47840000,23920000,23920000,47840000,1,5980000
nn_kernel_cpu,67240,0,1,0,0,0,0,1,5990000
nn_kernel_gpu,225,1,1,0,0,0,0,1,5990000
nn_kernel_gpu_mem,14550,1,1,47920000,23960000,23960000,47920000,1,5990000
nn_kernel_cpu,67240,0,1,0,0,0,0,1,5990000
nn_kernel_gpu,225,1,1,0,0,0,0,1,5990000
nn_kernel_gpu_mem,14550,1,1,47920000,23960000,23960000,47920000,1,5990000
nn_kernel_cpu,67928,0,1,0,0,0,0,1,6000000
nn_kernel_gpu,233,1,1,0,0,0,0,1,6000000
nn_kernel_gpu_mem,14672,1,1,48000000,24000000,24000000,48000000,1,6000000
nn_kernel_cpu,67914,0,1,0,0,0,0,1,6010000
nn_kernel_gpu,225,1,1,0,0,0,0,1,6010000
nn_kernel_gpu_mem,14528,1,1,48080000,24040000,24040000,48080000,1,6010000
nn_kernel_cpu,67914,0,1,0,0,0,0,1,6010000
nn_kernel_gpu,225,1,1,0,0,0,0,1,6010000
nn_kernel_gpu_mem,14528,1,1,48080000,24040000,24040000,48080000,1,6010000
nn_kernel_cpu,67914,0,1,0,0,0,0,1,6010000
nn_kernel_gpu,225,1,1,0,0,0,0,1,6010000
nn_kernel_gpu_mem,14528,1,1,48080000,24040000,24040000,48080000,1,6010000
nn_kernel_cpu,79381,0,1,0,0,0,0,1,6020000
nn_kernel_gpu,220,1,1,0,0,0,0,1,6020000
nn_kernel_gpu_mem,14474,1,1,48160000,24080000,24080000,48160000,1,6020000
nn_kernel_cpu,67298,0,1,0,0,0,0,1,6030000
nn_kernel_gpu,220,1,1,0,0,0,0,1,6030000
nn_kernel_gpu_mem,14719,1,1,48240000,24120000,24120000,48240000,1,6030000
nn_kernel_cpu,67298,0,1,0,0,0,0,1,6030000
nn_kernel_gpu,220,1,1,0,0,0,0,1,6030000
nn_kernel_gpu_mem,14719,1,1,48240000,24120000,24120000,48240000,1,6030000
nn_kernel_cpu,67298,0,1,0,0,0,0,1,6030000
nn_kernel_gpu,220,1,1,0,0,0,0,1,6030000
nn_kernel_gpu_mem,14719,1,1,48240000,24120000,24120000,48240000,1,6030000
nn_kernel_cpu,67298,0,1,0,0,0,0,1,6030000
nn_kernel_gpu,220,1,1,0,0,0,0,1,6030000
nn_kernel_gpu_mem,14719,1,1,48240000,24120000,24120000,48240000,1,6030000
nn_kernel_cpu,67111,0,1,0,0,0,0,1,6040000
nn_kernel_gpu,233,1,1,0,0,0,0,1,6040000
nn_kernel_gpu_mem,14505,1,1,48320000,24160000,24160000,48320000,1,6040000
nn_kernel_cpu,67111,0,1,0,0,0,0,1,6040000
nn_kernel_gpu,233,1,1,0,0,0,0,1,6040000
nn_kernel_gpu_mem,14505,1,1,48320000,24160000,24160000,48320000,1,6040000
nn_kernel_cpu,67870,0,1,0,0,0,0,1,6050000
nn_kernel_gpu,234,1,1,0,0,0,0,1,6050000
nn_kernel_gpu_mem,14863,1,1,48400000,24200000,24200000,48400000,1,6050000
nn_kernel_cpu,67809,0,1,0,0,0,0,1,6060000
nn_kernel_gpu,229,1,1,0,0,0,0,1,6060000
nn_kernel_gpu_mem,12095,1,1,48480000,24240000,24240000,48480000,1,6060000
nn_kernel_cpu,67809,0,1,0,0,0,0,1,6060000
nn_kernel_gpu,229,1,1,0,0,0,0,1,6060000
nn_kernel_gpu_mem,12095,1,1,48480000,24240000,24240000,48480000,1,6060000
nn_kernel_cpu,67809,0,1,0,0,0,0,1,6060000
nn_kernel_gpu,229,1,1,0,0,0,0,1,6060000
nn_kernel_gpu_mem,12095,1,1,48480000,24240000,24240000,48480000,1,6060000
nn_kernel_cpu,67694,0,1,0,0,0,0,1,6070000
nn_kernel_gpu,205,1,1,0,0,0,0,1,6070000
nn_kernel_gpu_mem,12033,1,1,48560000,24280000,24280000,48560000,1,6070000
nn_kernel_cpu,68076,0,1,0,0,0,0,1,6080000
nn_kernel_gpu,221,1,1,0,0,0,0,1,6080000
nn_kernel_gpu_mem,38416,1,1,48640000,24320000,24320000,48640000,1,6080000
nn_kernel_cpu,68076,0,1,0,0,0,0,1,6080000
nn_kernel_gpu,221,1,1,0,0,0,0,1,6080000
nn_kernel_gpu_mem,38416,1,1,48640000,24320000,24320000,48640000,1,6080000
nn_kernel_cpu,68076,0,1,0,0,0,0,1,6080000
nn_kernel_gpu,221,1,1,0,0,0,0,1,6080000
nn_kernel_gpu_mem,38416,1,1,48640000,24320000,24320000,48640000,1,6080000
nn_kernel_cpu,68076,0,1,0,0,0,0,1,6080000
nn_kernel_gpu,221,1,1,0,0,0,0,1,6080000
nn_kernel_gpu_mem,38416,1,1,48640000,24320000,24320000,48640000,1,6080000
nn_kernel_cpu,68403,0,1,0,0,0,0,1,6090000
nn_kernel_gpu,254,1,1,0,0,0,0,1,6090000
nn_kernel_gpu_mem,14639,1,1,48720000,24360000,24360000,48720000,1,6090000
nn_kernel_cpu,67685,0,1,0,0,0,0,1,610000
nn_kernel_gpu,128,1,1,0,0,0,0,1,610000
nn_kernel_gpu_mem,2628,1,1,4880000,2440000,2440000,4880000,1,610000
nn_kernel_cpu,67685,0,1,0,0,0,0,1,610000
nn_kernel_gpu,128,1,1,0,0,0,0,1,610000
nn_kernel_gpu_mem,2628,1,1,4880000,2440000,2440000,4880000,1,610000
nn_kernel_cpu,67685,0,1,0,0,0,0,1,610000
nn_kernel_gpu,128,1,1,0,0,0,0,1,610000
nn_kernel_gpu_mem,2628,1,1,4880000,2440000,2440000,4880000,1,610000
nn_kernel_cpu,41611,0,1,0,0,0,0,1,6100000
nn_kernel_gpu,228,1,1,0,0,0,0,1,6100000
nn_kernel_gpu_mem,12237,1,1,48800000,24400000,24400000,48800000,1,6100000
nn_kernel_cpu,67906,0,1,0,0,0,0,1,6090000
nn_kernel_gpu,226,1,1,0,0,0,0,1,6090000
nn_kernel_gpu_mem,13479,1,1,48720000,24360000,24360000,48720000,1,6090000
nn_kernel_cpu,68048,0,1,0,0,0,0,1,6110000
nn_kernel_gpu,407,1,1,0,0,0,0,1,6110000
nn_kernel_gpu_mem,12109,1,1,48880000,24440000,24440000,48880000,1,6110000
nn_kernel_cpu,67595,0,1,0,0,0,0,1,6120000
nn_kernel_gpu,211,1,1,0,0,0,0,1,6120000
nn_kernel_gpu_mem,12335,1,1,48960000,24480000,24480000,48960000,1,6120000
nn_kernel_cpu,67595,0,1,0,0,0,0,1,6120000
nn_kernel_gpu,211,1,1,0,0,0,0,1,6120000
nn_kernel_gpu_mem,12335,1,1,48960000,24480000,24480000,48960000,1,6120000
nn_kernel_cpu,67595,0,1,0,0,0,0,1,6120000
nn_kernel_gpu,211,1,1,0,0,0,0,1,6120000
nn_kernel_gpu_mem,12335,1,1,48960000,24480000,24480000,48960000,1,6120000
nn_kernel_cpu,67595,0,1,0,0,0,0,1,6120000
nn_kernel_gpu,211,1,1,0,0,0,0,1,6120000
nn_kernel_gpu_mem,12335,1,1,48960000,24480000,24480000,48960000,1,6120000
nn_kernel_cpu,67361,0,1,0,0,0,0,1,6130000
nn_kernel_gpu,227,1,1,0,0,0,0,1,6130000
nn_kernel_gpu_mem,14764,1,1,49040000,24520000,24520000,49040000,1,6130000
nn_kernel_cpu,67361,0,1,0,0,0,0,1,6130000
nn_kernel_gpu,227,1,1,0,0,0,0,1,6130000
nn_kernel_gpu_mem,14764,1,1,49040000,24520000,24520000,49040000,1,6130000
nn_kernel_cpu,67361,0,1,0,0,0,0,1,6130000
nn_kernel_gpu,227,1,1,0,0,0,0,1,6130000
nn_kernel_gpu_mem,14764,1,1,49040000,24520000,24520000,49040000,1,6130000
nn_kernel_cpu,68071,0,1,0,0,0,0,1,6140000
nn_kernel_gpu,230,1,1,0,0,0,0,1,6140000
nn_kernel_gpu_mem,14749,1,1,49120000,24560000,24560000,49120000,1,6140000
nn_kernel_cpu,67631,0,1,0,0,0,0,1,6130000
nn_kernel_gpu,225,1,1,0,0,0,0,1,6130000
nn_kernel_gpu_mem,13585,1,1,49040000,24520000,24520000,49040000,1,6130000
nn_kernel_cpu,67854,0,1,0,0,0,0,1,6150000
nn_kernel_gpu,388,1,1,0,0,0,0,1,6150000
nn_kernel_gpu_mem,14659,1,1,49200000,24600000,24600000,49200000,1,6150000
nn_kernel_cpu,68154,0,1,0,0,0,0,1,6160000
nn_kernel_gpu,210,1,1,0,0,0,0,1,6160000
nn_kernel_gpu_mem,14972,1,1,49280000,24640000,24640000,49280000,1,6160000
nn_kernel_cpu,67756,0,1,0,0,0,0,1,6170000
nn_kernel_gpu,209,1,1,0,0,0,0,1,6170000
nn_kernel_gpu_mem,14774,1,1,49360000,24680000,24680000,49360000,1,6170000
nn_kernel_cpu,67756,0,1,0,0,0,0,1,6170000
nn_kernel_gpu,209,1,1,0,0,0,0,1,6170000
nn_kernel_gpu_mem,14774,1,1,49360000,24680000,24680000,49360000,1,6170000
nn_kernel_cpu,67756,0,1,0,0,0,0,1,6170000
nn_kernel_gpu,209,1,1,0,0,0,0,1,6170000
nn_kernel_gpu_mem,14774,1,1,49360000,24680000,24680000,49360000,1,6170000
nn_kernel_cpu,67756,0,1,0,0,0,0,1,6170000
nn_kernel_gpu,209,1,1,0,0,0,0,1,6170000
nn_kernel_gpu_mem,14774,1,1,49360000,24680000,24680000,49360000,1,6170000
nn_kernel_cpu,71862,0,1,0,0,0,0,1,6180000
nn_kernel_gpu,231,1,1,0,0,0,0,1,6180000
nn_kernel_gpu_mem,14603,1,1,49440000,24720000,24720000,49440000,1,6180000
nn_kernel_cpu,71862,0,1,0,0,0,0,1,6180000
nn_kernel_gpu,231,1,1,0,0,0,0,1,6180000
nn_kernel_gpu_mem,14603,1,1,49440000,24720000,24720000,49440000,1,6180000
nn_kernel_cpu,71862,0,1,0,0,0,0,1,6180000
nn_kernel_gpu,231,1,1,0,0,0,0,1,6180000
nn_kernel_gpu_mem,14603,1,1,49440000,24720000,24720000,49440000,1,6180000
nn_kernel_cpu,86241,0,1,0,0,0,0,1,620000
nn_kernel_gpu,120,1,1,0,0,0,0,1,620000
nn_kernel_gpu_mem,2643,1,1,4960000,2480000,2480000,4960000,1,620000
nn_kernel_cpu,67846,0,1,0,0,0,0,1,6190000
nn_kernel_gpu,227,1,1,0,0,0,0,1,6190000
nn_kernel_gpu_mem,14711,1,1,49520000,24760000,24760000,49520000,1,6190000
nn_kernel_cpu,67594,0,1,0,0,0,0,1,6200000
nn_kernel_gpu,448,1,1,0,0,0,0,1,6200000
nn_kernel_gpu_mem,14666,1,1,49600000,24800000,24800000,49600000,1,6200000
nn_kernel_cpu,67594,0,1,0,0,0,0,1,6200000
nn_kernel_gpu,448,1,1,0,0,0,0,1,6200000
nn_kernel_gpu_mem,14666,1,1,49600000,24800000,24800000,49600000,1,6200000
nn_kernel_cpu,67528,0,1,0,0,0,0,1,6210000
nn_kernel_gpu,208,1,1,0,0,0,0,1,6210000
nn_kernel_gpu_mem,14482,1,1,49680000,24840000,24840000,49680000,1,6210000
nn_kernel_cpu,67528,0,1,0,0,0,0,1,6210000
nn_kernel_gpu,208,1,1,0,0,0,0,1,6210000
nn_kernel_gpu_mem,14482,1,1,49680000,24840000,24840000,49680000,1,6210000
nn_kernel_cpu,67528,0,1,0,0,0,0,1,6210000
nn_kernel_gpu,208,1,1,0,0,0,0,1,6210000
nn_kernel_gpu_mem,14482,1,1,49680000,24840000,24840000,49680000,1,6210000
nn_kernel_cpu,67528,0,1,0,0,0,0,1,6210000
nn_kernel_gpu,208,1,1,0,0,0,0,1,6210000
nn_kernel_gpu_mem,14482,1,1,49680000,24840000,24840000,49680000,1,6210000
nn_kernel_cpu,67940,0,1,0,0,0,0,1,6220000
nn_kernel_gpu,228,1,1,0,0,0,0,1,6220000
nn_kernel_gpu_mem,14629,1,1,49760000,24880000,24880000,49760000,1,6220000
nn_kernel_cpu,67940,0,1,0,0,0,0,1,6220000
nn_kernel_gpu,228,1,1,0,0,0,0,1,6220000
nn_kernel_gpu_mem,14629,1,1,49760000,24880000,24880000,49760000,1,6220000
nn_kernel_cpu,67787,0,1,0,0,0,0,1,6230000
nn_kernel_gpu,227,1,1,0,0,0,0,1,6230000
nn_kernel_gpu_mem,14619,1,1,49840000,24920000,24920000,49840000,1,6230000
nn_kernel_cpu,67787,0,1,0,0,0,0,1,6230000
nn_kernel_gpu,227,1,1,0,0,0,0,1,6230000
nn_kernel_gpu_mem,14619,1,1,49840000,24920000,24920000,49840000,1,6230000
nn_kernel_cpu,67353,0,1,0,0,0,0,1,6220000
nn_kernel_gpu,226,1,1,0,0,0,0,1,6220000
nn_kernel_gpu_mem,13668,1,1,49760000,24880000,24880000,49760000,1,6220000
nn_kernel_cpu,75815,0,1,0,0,0,0,1,6240000
nn_kernel_gpu,228,1,1,0,0,0,0,1,6240000
nn_kernel_gpu_mem,14297,1,1,49920000,24960000,24960000,49920000,1,6240000
nn_kernel_cpu,68346,0,1,0,0,0,0,1,6240000
nn_kernel_gpu,231,1,1,0,0,0,0,1,6240000
nn_kernel_gpu_mem,13369,1,1,49920000,24960000,24960000,49920000,1,6240000
nn_kernel_cpu,67382,0,1,0,0,0,0,1,6250000
nn_kernel_gpu,212,1,1,0,0,0,0,1,6250000
nn_kernel_gpu_mem,14550,1,1,50000000,25000000,25000000,50000000,1,6250000
nn_kernel_cpu,67382,0,1,0,0,0,0,1,6250000
nn_kernel_gpu,212,1,1,0,0,0,0,1,6250000
nn_kernel_gpu_mem,14550,1,1,50000000,25000000,25000000,50000000,1,6250000
nn_kernel_cpu,67382,0,1,0,0,0,0,1,6250000
nn_kernel_gpu,212,1,1,0,0,0,0,1,6250000
nn_kernel_gpu_mem,14550,1,1,50000000,25000000,25000000,50000000,1,6250000
nn_kernel_cpu,67100,0,1,0,0,0,0,1,6260000
nn_kernel_gpu,214,1,1,0,0,0,0,1,6260000
nn_kernel_gpu_mem,14356,1,1,50080000,25040000,25040000,50080000,1,6260000
nn_kernel_cpu,67100,0,1,0,0,0,0,1,6260000
nn_kernel_gpu,214,1,1,0,0,0,0,1,6260000
nn_kernel_gpu_mem,14356,1,1,50080000,25040000,25040000,50080000,1,6260000
nn_kernel_cpu,67100,0,1,0,0,0,0,1,6260000
nn_kernel_gpu,214,1,1,0,0,0,0,1,6260000
nn_kernel_gpu_mem,14356,1,1,50080000,25040000,25040000,50080000,1,6260000
nn_kernel_cpu,67100,0,1,0,0,0,0,1,6260000
nn_kernel_gpu,214,1,1,0,0,0,0,1,6260000
nn_kernel_gpu_mem,14356,1,1,50080000,25040000,25040000,50080000,1,6260000
nn_kernel_cpu,68010,0,1,0,0,0,0,1,6250000
nn_kernel_gpu,243,1,1,0,0,0,0,1,6250000
nn_kernel_gpu_mem,13017,1,1,50000000,25000000,25000000,50000000,1,6250000
nn_kernel_cpu,68394,0,1,0,0,0,0,1,6270000
nn_kernel_gpu,229,1,1,0,0,0,0,1,6270000
nn_kernel_gpu_mem,14411,1,1,50160000,25080000,25080000,50160000,1,6270000
nn_kernel_cpu,68394,0,1,0,0,0,0,1,6270000
nn_kernel_gpu,229,1,1,0,0,0,0,1,6270000
nn_kernel_gpu_mem,14411,1,1,50160000,25080000,25080000,50160000,1,6270000
nn_kernel_cpu,67482,0,1,0,0,0,0,1,630000
nn_kernel_gpu,146,1,1,0,0,0,0,1,630000
nn_kernel_gpu_mem,2650,1,1,5040000,2520000,2520000,5040000,1,630000
nn_kernel_cpu,67893,0,1,0,0,0,0,1,6280000
nn_kernel_gpu,223,1,1,0,0,0,0,1,6280000
nn_kernel_gpu_mem,16894,1,1,50240000,25120000,25120000,50240000,1,6280000
nn_kernel_cpu,67736,0,1,0,0,0,0,1,6290000
nn_kernel_gpu,215,1,1,0,0,0,0,1,6290000
nn_kernel_gpu_mem,14493,1,1,50320000,25160000,25160000,50320000,1,6290000
nn_kernel_cpu,67736,0,1,0,0,0,0,1,6290000
nn_kernel_gpu,215,1,1,0,0,0,0,1,6290000
nn_kernel_gpu_mem,14493,1,1,50320000,25160000,25160000,50320000,1,6290000
nn_kernel_cpu,67736,0,1,0,0,0,0,1,6290000
nn_kernel_gpu,215,1,1,0,0,0,0,1,6290000
nn_kernel_gpu_mem,14493,1,1,50320000,25160000,25160000,50320000,1,6290000
nn_kernel_cpu,68253,0,1,0,0,0,0,1,6300000
nn_kernel_gpu,213,1,1,0,0,0,0,1,6300000
nn_kernel_gpu_mem,14581,1,1,50400000,25200000,25200000,50400000,1,6300000
nn_kernel_cpu,68253,0,1,0,0,0,0,1,6300000
nn_kernel_gpu,213,1,1,0,0,0,0,1,6300000
nn_kernel_gpu_mem,14581,1,1,50400000,25200000,25200000,50400000,1,6300000
nn_kernel_cpu,68253,0,1,0,0,0,0,1,6300000
nn_kernel_gpu,213,1,1,0,0,0,0,1,6300000
nn_kernel_gpu_mem,14581,1,1,50400000,25200000,25200000,50400000,1,6300000
nn_kernel_cpu,68253,0,1,0,0,0,0,1,6300000
nn_kernel_gpu,213,1,1,0,0,0,0,1,6300000
nn_kernel_gpu_mem,14581,1,1,50400000,25200000,25200000,50400000,1,6300000
nn_kernel_cpu,67697,0,1,0,0,0,0,1,6310000
nn_kernel_gpu,235,1,1,0,0,0,0,1,6310000
nn_kernel_gpu_mem,14587,1,1,50480000,25240000,25240000,50480000,1,6310000
nn_kernel_cpu,67697,0,1,0,0,0,0,1,6310000
nn_kernel_gpu,235,1,1,0,0,0,0,1,6310000
nn_kernel_gpu_mem,14587,1,1,50480000,25240000,25240000,50480000,1,6310000
nn_kernel_cpu,67758,0,1,0,0,0,0,1,6320000
nn_kernel_gpu,250,1,1,0,0,0,0,1,6320000
nn_kernel_gpu_mem,14631,1,1,50560000,25280000,25280000,50560000,1,6320000
nn_kernel_cpu,68179,0,1,0,0,0,0,1,6330000
nn_kernel_gpu,231,1,1,0,0,0,0,1,6330000
nn_kernel_gpu_mem,14607,1,1,50640000,25320000,25320000,50640000,1,6330000
nn_kernel_cpu,67508,0,1,0,0,0,0,1,6340000
nn_kernel_gpu,216,1,1,0,0,0,0,1,6340000
nn_kernel_gpu_mem,14889,1,1,50720000,25360000,25360000,50720000,1,6340000
nn_kernel_cpu,67508,0,1,0,0,0,0,1,6340000
nn_kernel_gpu,216,1,1,0,0,0,0,1,6340000
nn_kernel_gpu_mem,14889,1,1,50720000,25360000,25360000,50720000,1,6340000
nn_kernel_cpu,67508,0,1,0,0,0,0,1,6340000
nn_kernel_gpu,216,1,1,0,0,0,0,1,6340000
nn_kernel_gpu_mem,14889,1,1,50720000,25360000,25360000,50720000,1,6340000
nn_kernel_cpu,67435,0,1,0,0,0,0,1,6350000
nn_kernel_gpu,214,1,1,0,0,0,0,1,6350000
nn_kernel_gpu_mem,14682,1,1,50800000,25400000,25400000,50800000,1,6350000
nn_kernel_cpu,67435,0,1,0,0,0,0,1,6350000
nn_kernel_gpu,214,1,1,0,0,0,0,1,6350000
nn_kernel_gpu_mem,14682,1,1,50800000,25400000,25400000,50800000,1,6350000
nn_kernel_cpu,67435,0,1,0,0,0,0,1,6350000
nn_kernel_gpu,214,1,1,0,0,0,0,1,6350000
nn_kernel_gpu_mem,14682,1,1,50800000,25400000,25400000,50800000,1,6350000
nn_kernel_cpu,67435,0,1,0,0,0,0,1,6350000
nn_kernel_gpu,214,1,1,0,0,0,0,1,6350000
nn_kernel_gpu_mem,14682,1,1,50800000,25400000,25400000,50800000,1,6350000
nn_kernel_cpu,67853,0,1,0,0,0,0,1,6360000
nn_kernel_gpu,232,1,1,0,0,0,0,1,6360000
nn_kernel_gpu_mem,14899,1,1,50880000,25440000,25440000,50880000,1,6360000
nn_kernel_cpu,67853,0,1,0,0,0,0,1,6360000
nn_kernel_gpu,232,1,1,0,0,0,0,1,6360000
nn_kernel_gpu_mem,14899,1,1,50880000,25440000,25440000,50880000,1,6360000
nn_kernel_cpu,68044,0,1,0,0,0,0,1,640000
nn_kernel_gpu,123,1,1,0,0,0,0,1,640000
nn_kernel_gpu_mem,2671,1,1,5120000,2560000,2560000,5120000,1,640000
nn_kernel_cpu,68044,0,1,0,0,0,0,1,640000
nn_kernel_gpu,123,1,1,0,0,0,0,1,640000
nn_kernel_gpu_mem,2671,1,1,5120000,2560000,2560000,5120000,1,640000
nn_kernel_cpu,68044,0,1,0,0,0,0,1,640000
nn_kernel_gpu,123,1,1,0,0,0,0,1,640000
nn_kernel_gpu_mem,2671,1,1,5120000,2560000,2560000,5120000,1,640000
nn_kernel_cpu,68044,0,1,0,0,0,0,1,640000
nn_kernel_gpu,123,1,1,0,0,0,0,1,640000
nn_kernel_gpu_mem,2671,1,1,5120000,2560000,2560000,5120000,1,640000
nn_kernel_cpu,67861,0,1,0,0,0,0,1,6370000
nn_kernel_gpu,246,1,1,0,0,0,0,1,6370000
nn_kernel_gpu_mem,14725,1,1,50960000,25480000,25480000,50960000,1,6370000
nn_kernel_cpu,67843,0,1,0,0,0,0,1,6380000
nn_kernel_gpu,230,1,1,0,0,0,0,1,6380000
nn_kernel_gpu_mem,14733,1,1,51040000,25520000,25520000,51040000,1,6380000
nn_kernel_cpu,68030,0,1,0,0,0,0,1,6390000
nn_kernel_gpu,249,1,1,0,0,0,0,1,6390000
nn_kernel_gpu_mem,15066,1,1,51120000,25560000,25560000,51120000,1,6390000
nn_kernel_cpu,68030,0,1,0,0,0,0,1,6390000
nn_kernel_gpu,249,1,1,0,0,0,0,1,6390000
nn_kernel_gpu_mem,15066,1,1,51120000,25560000,25560000,51120000,1,6390000
nn_kernel_cpu,68247,0,1,0,0,0,0,1,6400000
nn_kernel_gpu,216,1,1,0,0,0,0,1,6400000
nn_kernel_gpu_mem,14953,1,1,51200000,25600000,25600000,51200000,1,6400000
nn_kernel_cpu,67843,0,1,0,0,0,0,1,6410000
nn_kernel_gpu,236,1,1,0,0,0,0,1,6410000
nn_kernel_gpu_mem,14857,1,1,51280000,25640000,25640000,51280000,1,6410000
nn_kernel_cpu,67843,0,1,0,0,0,0,1,6410000
nn_kernel_gpu,236,1,1,0,0,0,0,1,6410000
nn_kernel_gpu_mem,14857,1,1,51280000,25640000,25640000,51280000,1,6410000
nn_kernel_cpu,67843,0,1,0,0,0,0,1,6410000
nn_kernel_gpu,236,1,1,0,0,0,0,1,6410000
nn_kernel_gpu_mem,14857,1,1,51280000,25640000,25640000,51280000,1,6410000
nn_kernel_cpu,67843,0,1,0,0,0,0,1,6410000
nn_kernel_gpu,236,1,1,0,0,0,0,1,6410000
nn_kernel_gpu_mem,14857,1,1,51280000,25640000,25640000,51280000,1,6410000
nn_kernel_cpu,39198,0,1,0,0,0,0,1,6420000
nn_kernel_gpu,231,1,1,0,0,0,0,1,6420000
nn_kernel_gpu_mem,14831,1,1,51360000,25680000,25680000,51360000,1,6420000
nn_kernel_cpu,67938,0,1,0,0,0,0,1,6430000
nn_kernel_gpu,248,1,1,0,0,0,0,1,6430000
nn_kernel_gpu_mem,14887,1,1,51440000,25720000,25720000,51440000,1,6430000
nn_kernel_cpu,68282,0,1,0,0,0,0,1,6440000
nn_kernel_gpu,239,1,1,0,0,0,0,1,6440000
nn_kernel_gpu_mem,14828,1,1,51520000,25760000,25760000,51520000,1,6440000
nn_kernel_cpu,68025,0,1,0,0,0,0,1,6410000
nn_kernel_gpu,270,1,1,0,0,0,0,1,6410000
nn_kernel_gpu_mem,13385,1,1,51280000,25640000,25640000,51280000,1,6410000
nn_kernel_cpu,40794,0,1,0,0,0,0,1,6450000
nn_kernel_gpu,250,1,1,0,0,0,0,1,6450000
nn_kernel_gpu_mem,14766,1,1,51600000,25800000,25800000,51600000,1,6450000
nn_kernel_cpu,40794,0,1,0,0,0,0,1,6450000
nn_kernel_gpu,250,1,1,0,0,0,0,1,6450000
nn_kernel_gpu_mem,14766,1,1,51600000,25800000,25800000,51600000,1,6450000
nn_kernel_cpu,67352,0,1,0,0,0,0,1,650000
nn_kernel_gpu,141,1,1,0,0,0,0,1,650000
nn_kernel_gpu_mem,2674,1,1,5200000,2600000,2600000,5200000,1,650000
nn_kernel_cpu,67352,0,1,0,0,0,0,1,650000
nn_kernel_gpu,141,1,1,0,0,0,0,1,650000
nn_kernel_gpu_mem,2674,1,1,5200000,2600000,2600000,5200000,1,650000
nn_kernel_cpu,68004,0,1,0,0,0,0,1,6460000
nn_kernel_gpu,534,1,1,0,0,0,0,1,6460000
nn_kernel_gpu_mem,13641,1,1,51680000,25840000,25840000,51680000,1,6460000
nn_kernel_cpu,68191,0,1,0,0,0,0,1,6470000
nn_kernel_gpu,235,1,1,0,0,0,0,1,6470000
nn_kernel_gpu_mem,15913,1,1,51760000,25880000,25880000,51760000,1,6470000
nn_kernel_cpu,68191,0,1,0,0,0,0,1,6470000
nn_kernel_gpu,235,1,1,0,0,0,0,1,6470000
nn_kernel_gpu_mem,15913,1,1,51760000,25880000,25880000,51760000,1,6470000
nn_kernel_cpu,68191,0,1,0,0,0,0,1,6470000
nn_kernel_gpu,235,1,1,0,0,0,0,1,6470000
nn_kernel_gpu_mem,15913,1,1,51760000,25880000,25880000,51760000,1,6470000
nn_kernel_cpu,68191,0,1,0,0,0,0,1,6470000
nn_kernel_gpu,235,1,1,0,0,0,0,1,6470000
nn_kernel_gpu_mem,15913,1,1,51760000,25880000,25880000,51760000,1,6470000
nn_kernel_cpu,68256,0,1,0,0,0,0,1,6480000
nn_kernel_gpu,231,1,1,0,0,0,0,1,6480000
nn_kernel_gpu_mem,15150,1,1,51840000,25920000,25920000,51840000,1,6480000
nn_kernel_cpu,67936,0,1,0,0,0,0,1,6490000
nn_kernel_gpu,456,1,1,0,0,0,0,1,6490000
nn_kernel_gpu_mem,14991,1,1,51920000,25960000,25960000,51920000,1,6490000
nn_kernel_cpu,68046,0,1,0,0,0,0,1,6500000
nn_kernel_gpu,219,1,1,0,0,0,0,1,6500000
nn_kernel_gpu_mem,14972,1,1,52000000,26000000,26000000,52000000,1,6500000
nn_kernel_cpu,68046,0,1,0,0,0,0,1,6500000
nn_kernel_gpu,219,1,1,0,0,0,0,1,6500000
nn_kernel_gpu_mem,14972,1,1,52000000,26000000,26000000,52000000,1,6500000
nn_kernel_cpu,68360,0,1,0,0,0,0,1,6510000
nn_kernel_gpu,411,1,1,0,0,0,0,1,6510000
nn_kernel_gpu_mem,13700,1,1,52080000,26040000,26040000,52080000,1,6510000
nn_kernel_cpu,68360,0,1,0,0,0,0,1,6510000
nn_kernel_gpu,411,1,1,0,0,0,0,1,6510000
nn_kernel_gpu_mem,13700,1,1,52080000,26040000,26040000,52080000,1,6510000
nn_kernel_cpu,68008,0,1,0,0,0,0,1,6520000
nn_kernel_gpu,217,1,1,0,0,0,0,1,6520000
nn_kernel_gpu_mem,13771,1,1,52160000,26080000,26080000,52160000,1,6520000
nn_kernel_cpu,67361,0,1,0,0,0,0,1,6530000
nn_kernel_gpu,237,1,1,0,0,0,0,1,6530000
nn_kernel_gpu_mem,13725,1,1,52240000,26120000,26120000,52240000,1,6530000
nn_kernel_cpu,67361,0,1,0,0,0,0,1,6530000
nn_kernel_gpu,237,1,1,0,0,0,0,1,6530000
nn_kernel_gpu_mem,13725,1,1,52240000,26120000,26120000,52240000,1,6530000
nn_kernel_cpu,67361,0,1,0,0,0,0,1,6530000
nn_kernel_gpu,237,1,1,0,0,0,0,1,6530000
nn_kernel_gpu_mem,13725,1,1,52240000,26120000,26120000,52240000,1,6530000
nn_kernel_cpu,67361,0,1,0,0,0,0,1,6530000
nn_kernel_gpu,237,1,1,0,0,0,0,1,6530000
nn_kernel_gpu_mem,13725,1,1,52240000,26120000,26120000,52240000,1,6530000
nn_kernel_cpu,68114,0,1,0,0,0,0,1,6540000
nn_kernel_gpu,233,1,1,0,0,0,0,1,6540000
nn_kernel_gpu_mem,13839,1,1,52320000,26160000,26160000,52320000,1,6540000
nn_kernel_cpu,68179,0,1,0,0,0,0,1,6550000
nn_kernel_gpu,247,1,1,0,0,0,0,1,6550000
nn_kernel_gpu_mem,13749,1,1,52400000,26200000,26200000,52400000,1,6550000
nn_kernel_cpu,67750,0,1,0,0,0,0,1,6560000
nn_kernel_gpu,217,1,1,0,0,0,0,1,6560000
nn_kernel_gpu_mem,13748,1,1,52480000,26240000,26240000,52480000,1,6560000
nn_kernel_cpu,67750,0,1,0,0,0,0,1,6560000
nn_kernel_gpu,217,1,1,0,0,0,0,1,6560000
nn_kernel_gpu_mem,13748,1,1,52480000,26240000,26240000,52480000,1,6560000
nn_kernel_cpu,66603,0,1,0,0,0,0,1,660000
nn_kernel_gpu,149,1,1,0,0,0,0,1,660000
nn_kernel_gpu_mem,2810,1,1,5280000,2640000,2640000,5280000,1,660000
nn_kernel_cpu,74104,0,1,0,0,0,0,1,6570000
nn_kernel_gpu,251,1,1,0,0,0,0,1,6570000
nn_kernel_gpu_mem,13938,1,1,52560000,26280000,26280000,52560000,1,6570000
nn_kernel_cpu,74104,0,1,0,0,0,0,1,6570000
nn_kernel_gpu,251,1,1,0,0,0,0,1,6570000
nn_kernel_gpu_mem,13938,1,1,52560000,26280000,26280000,52560000,1,6570000
nn_kernel_cpu,68159,0,1,0,0,0,0,1,6580000
nn_kernel_gpu,216,1,1,0,0,0,0,1,6580000
nn_kernel_gpu_mem,13919,1,1,52640000,26320000,26320000,52640000,1,6580000
nn_kernel_cpu,67619,0,1,0,0,0,0,1,6590000
nn_kernel_gpu,235,1,1,0,0,0,0,1,6590000
nn_kernel_gpu_mem,13858,1,1,52720000,26360000,26360000,52720000,1,6590000
nn_kernel_cpu,67619,0,1,0,0,0,0,1,6590000
nn_kernel_gpu,235,1,1,0,0,0,0,1,6590000
nn_kernel_gpu_mem,13858,1,1,52720000,26360000,26360000,52720000,1,6590000
nn_kernel_cpu,67619,0,1,0,0,0,0,1,6590000
nn_kernel_gpu,235,1,1,0,0,0,0,1,6590000
nn_kernel_gpu_mem,13858,1,1,52720000,26360000,26360000,52720000,1,6590000
nn_kernel_cpu,67619,0,1,0,0,0,0,1,6590000
nn_kernel_gpu,235,1,1,0,0,0,0,1,6590000
nn_kernel_gpu_mem,13858,1,1,52720000,26360000,26360000,52720000,1,6590000
nn_kernel_cpu,68701,0,1,0,0,0,0,1,6600000
nn_kernel_gpu,235,1,1,0,0,0,0,1,6600000
nn_kernel_gpu_mem,13995,1,1,52800000,26400000,26400000,52800000,1,6600000
nn_kernel_cpu,67896,0,1,0,0,0,0,1,6610000
nn_kernel_gpu,433,1,1,0,0,0,0,1,6610000
nn_kernel_gpu_mem,13840,1,1,52880000,26440000,26440000,52880000,1,6610000
nn_kernel_cpu,67896,0,1,0,0,0,0,1,6610000
nn_kernel_gpu,433,1,1,0,0,0,0,1,6610000
nn_kernel_gpu_mem,13840,1,1,52880000,26440000,26440000,52880000,1,6610000
nn_kernel_cpu,68002,0,1,0,0,0,0,1,6620000
nn_kernel_gpu,248,1,1,0,0,0,0,1,6620000
nn_kernel_gpu_mem,13902,1,1,52960000,26480000,26480000,52960000,1,6620000
nn_kernel_cpu,68177,0,1,0,0,0,0,1,6630000
nn_kernel_gpu,235,1,1,0,0,0,0,1,6630000
nn_kernel_gpu_mem,13986,1,1,53040000,26520000,26520000,53040000,1,6630000
nn_kernel_cpu,68177,0,1,0,0,0,0,1,6630000
nn_kernel_gpu,235,1,1,0,0,0,0,1,6630000
nn_kernel_gpu_mem,13986,1,1,53040000,26520000,26520000,53040000,1,6630000
nn_kernel_cpu,68003,0,1,0,0,0,0,1,6640000
nn_kernel_gpu,215,1,1,0,0,0,0,1,6640000
nn_kernel_gpu_mem,14047,1,1,53120000,26560000,26560000,53120000,1,6640000
nn_kernel_cpu,75753,0,1,0,0,0,0,1,6650000
nn_kernel_gpu,234,1,1,0,0,0,0,1,6650000
nn_kernel_gpu_mem,14093,1,1,53200000,26600000,26600000,53200000,1,6650000
nn_kernel_cpu,75753,0,1,0,0,0,0,1,6650000
nn_kernel_gpu,234,1,1,0,0,0,0,1,6650000
nn_kernel_gpu_mem,14093,1,1,53200000,26600000,26600000,53200000,1,6650000
nn_kernel_cpu,75753,0,1,0,0,0,0,1,6650000
nn_kernel_gpu,234,1,1,0,0,0,0,1,6650000
nn_kernel_gpu_mem,14093,1,1,53200000,26600000,26600000,53200000,1,6650000
nn_kernel_cpu,75753,0,1,0,0,0,0,1,6650000
nn_kernel_gpu,234,1,1,0,0,0,0,1,6650000
nn_kernel_gpu_mem,14093,1,1,53200000,26600000,26600000,53200000,1,6650000
nn_kernel_cpu,67789,0,1,0,0,0,0,1,6660000
nn_kernel_gpu,235,1,1,0,0,0,0,1,6660000
nn_kernel_gpu_mem,46178,1,1,53280000,26640000,26640000,53280000,1,6660000
nn_kernel_cpu,67365,0,1,0,0,0,0,1,670000
nn_kernel_gpu,129,1,1,0,0,0,0,1,670000
nn_kernel_gpu_mem,2694,1,1,5360000,2680000,2680000,5360000,1,670000
nn_kernel_cpu,67365,0,1,0,0,0,0,1,670000
nn_kernel_gpu,129,1,1,0,0,0,0,1,670000
nn_kernel_gpu_mem,2694,1,1,5360000,2680000,2680000,5360000,1,670000
nn_kernel_cpu,67365,0,1,0,0,0,0,1,670000
nn_kernel_gpu,129,1,1,0,0,0,0,1,670000
nn_kernel_gpu_mem,2694,1,1,5360000,2680000,2680000,5360000,1,670000
nn_kernel_cpu,67365,0,1,0,0,0,0,1,670000
nn_kernel_gpu,129,1,1,0,0,0,0,1,670000
nn_kernel_gpu_mem,2694,1,1,5360000,2680000,2680000,5360000,1,670000
nn_kernel_cpu,67594,0,1,0,0,0,0,1,6670000
nn_kernel_gpu,234,1,1,0,0,0,0,1,6670000
nn_kernel_gpu_mem,14014,1,1,53360000,26680000,26680000,53360000,1,6670000
nn_kernel_cpu,67473,0,1,0,0,0,0,1,6680000
nn_kernel_gpu,251,1,1,0,0,0,0,1,6680000
nn_kernel_gpu_mem,14059,1,1,53440000,26720000,26720000,53440000,1,6680000
nn_kernel_cpu,68138,0,1,0,0,0,0,1,6670000
nn_kernel_gpu,421,1,1,0,0,0,0,1,6670000
nn_kernel_gpu_mem,14045,1,1,53360000,26680000,26680000,53360000,1,6670000
nn_kernel_cpu,68175,0,1,0,0,0,0,1,6690000
nn_kernel_gpu,239,1,1,0,0,0,0,1,6690000
nn_kernel_gpu_mem,14181,1,1,53520000,26760000,26760000,53520000,1,6690000
nn_kernel_cpu,68175,0,1,0,0,0,0,1,6690000
nn_kernel_gpu,239,1,1,0,0,0,0,1,6690000
nn_kernel_gpu_mem,14181,1,1,53520000,26760000,26760000,53520000,1,6690000
nn_kernel_cpu,67404,0,1,0,0,0,0,1,6700000
nn_kernel_gpu,220,1,1,0,0,0,0,1,6700000
nn_kernel_gpu_mem,14186,1,1,53600000,26800000,26800000,53600000,1,6700000
nn_kernel_cpu,67877,0,1,0,0,0,0,1,6710000
nn_kernel_gpu,235,1,1,0,0,0,0,1,6710000
nn_kernel_gpu_mem,14238,1,1,53680000,26840000,26840000,53680000,1,6710000
nn_kernel_cpu,67608,0,1,0,0,0,0,1,6720000
nn_kernel_gpu,244,1,1,0,0,0,0,1,6720000
nn_kernel_gpu_mem,14146,1,1,53760000,26880000,26880000,53760000,1,6720000
nn_kernel_cpu,67608,0,1,0,0,0,0,1,6720000
nn_kernel_gpu,244,1,1,0,0,0,0,1,6720000
nn_kernel_gpu_mem,14146,1,1,53760000,26880000,26880000,53760000,1,6720000
nn_kernel_cpu,67608,0,1,0,0,0,0,1,6720000
nn_kernel_gpu,244,1,1,0,0,0,0,1,6720000
nn_kernel_gpu_mem,14146,1,1,53760000,26880000,26880000,53760000,1,6720000
nn_kernel_cpu,67608,0,1,0,0,0,0,1,6720000
nn_kernel_gpu,244,1,1,0,0,0,0,1,6720000
nn_kernel_gpu_mem,14146,1,1,53760000,26880000,26880000,53760000,1,6720000
nn_kernel_cpu,67959,0,1,0,0,0,0,1,6740000
nn_kernel_gpu,251,1,1,0,0,0,0,1,6740000
nn_kernel_gpu_mem,14147,1,1,53920000,26960000,26960000,53920000,1,6740000
nn_kernel_cpu,67822,0,1,0,0,0,0,1,6730000
nn_kernel_gpu,239,1,1,0,0,0,0,1,6730000
nn_kernel_gpu_mem,14197,1,1,53840000,26920000,26920000,53840000,1,6730000
nn_kernel_cpu,68343,0,1,0,0,0,0,1,6750000
nn_kernel_gpu,220,1,1,0,0,0,0,1,6750000
nn_kernel_gpu_mem,14176,1,1,54000000,27000000,27000000,54000000,1,6750000
nn_kernel_cpu,67625,0,1,0,0,0,0,1,6760000
nn_kernel_gpu,237,1,1,0,0,0,0,1,6760000
nn_kernel_gpu_mem,14280,1,1,54080000,27040000,27040000,54080000,1,6760000
nn_kernel_cpu,67625,0,1,0,0,0,0,1,6760000
nn_kernel_gpu,237,1,1,0,0,0,0,1,6760000
nn_kernel_gpu_mem,14280,1,1,54080000,27040000,27040000,54080000,1,6760000
nn_kernel_cpu,67741,0,1,0,0,0,0,1,6770000
nn_kernel_gpu,218,1,1,0,0,0,0,1,6770000
nn_kernel_gpu_mem,14342,1,1,54160000,27080000,27080000,54160000,1,6770000
nn_kernel_cpu,67622,0,1,0,0,0,0,1,680000
nn_kernel_gpu,115,1,1,0,0,0,0,1,680000
nn_kernel_gpu_mem,2680,1,1,5440000,2720000,2720000,5440000,1,680000
nn_kernel_cpu,67622,0,1,0,0,0,0,1,680000
nn_kernel_gpu,115,1,1,0,0,0,0,1,680000
nn_kernel_gpu_mem,2680,1,1,5440000,2720000,2720000,5440000,1,680000
nn_kernel_cpu,68027,0,1,0,0,0,0,1,6780000
nn_kernel_gpu,236,1,1,0,0,0,0,1,6780000
nn_kernel_gpu_mem,14393,1,1,54240000,27120000,27120000,54240000,1,6780000
nn_kernel_cpu,67716,0,1,0,0,0,0,1,6790000
nn_kernel_gpu,237,1,1,0,0,0,0,1,6790000
nn_kernel_gpu_mem,14445,1,1,54320000,27160000,27160000,54320000,1,6790000
nn_kernel_cpu,67716,0,1,0,0,0,0,1,6790000
nn_kernel_gpu,237,1,1,0,0,0,0,1,6790000
nn_kernel_gpu_mem,14445,1,1,54320000,27160000,27160000,54320000,1,6790000
nn_kernel_cpu,67716,0,1,0,0,0,0,1,6790000
nn_kernel_gpu,237,1,1,0,0,0,0,1,6790000
nn_kernel_gpu_mem,14445,1,1,54320000,27160000,27160000,54320000,1,6790000
nn_kernel_cpu,72989,0,1,0,0,0,0,1,6800000
nn_kernel_gpu,281,1,1,0,0,0,0,1,6800000
nn_kernel_gpu_mem,14495,1,1,54400000,27200000,27200000,54400000,1,6800000
nn_kernel_cpu,67922,0,1,0,0,0,0,1,6790000
nn_kernel_gpu,238,1,1,0,0,0,0,1,6790000
nn_kernel_gpu_mem,14526,1,1,54320000,27160000,27160000,54320000,1,6790000
nn_kernel_cpu,67974,0,1,0,0,0,0,1,6810000
nn_kernel_gpu,254,1,1,0,0,0,0,1,6810000
nn_kernel_gpu_mem,14587,1,1,54480000,27240000,27240000,54480000,1,6810000
nn_kernel_cpu,67974,0,1,0,0,0,0,1,6810000
nn_kernel_gpu,254,1,1,0,0,0,0,1,6810000
nn_kernel_gpu_mem,14587,1,1,54480000,27240000,27240000,54480000,1,6810000
nn_kernel_cpu,67925,0,1,0,0,0,0,1,6820000
nn_kernel_gpu,232,1,1,0,0,0,0,1,6820000
nn_kernel_gpu_mem,14740,1,1,54560000,27280000,27280000,54560000,1,6820000
nn_kernel_cpu,67925,0,1,0,0,0,0,1,6820000
nn_kernel_gpu,232,1,1,0,0,0,0,1,6820000
nn_kernel_gpu_mem,14740,1,1,54560000,27280000,27280000,54560000,1,6820000
nn_kernel_cpu,67925,0,1,0,0,0,0,1,6820000
nn_kernel_gpu,232,1,1,0,0,0,0,1,6820000
nn_kernel_gpu_mem,14740,1,1,54560000,27280000,27280000,54560000,1,6820000
nn_kernel_cpu,67819,0,1,0,0,0,0,1,6830000
nn_kernel_gpu,239,1,1,0,0,0,0,1,6830000
nn_kernel_gpu_mem,14885,1,1,54640000,27320000,27320000,54640000,1,6830000
nn_kernel_cpu,71481,0,1,0,0,0,0,1,6840000
nn_kernel_gpu,238,1,1,0,0,0,0,1,6840000
nn_kernel_gpu_mem,14873,1,1,54720000,27360000,27360000,54720000,1,6840000
nn_kernel_cpu,71481,0,1,0,0,0,0,1,6840000
nn_kernel_gpu,238,1,1,0,0,0,0,1,6840000
nn_kernel_gpu_mem,14873,1,1,54720000,27360000,27360000,54720000,1,6840000
nn_kernel_cpu,71481,0,1,0,0,0,0,1,6840000
nn_kernel_gpu,238,1,1,0,0,0,0,1,6840000
nn_kernel_gpu_mem,14873,1,1,54720000,27360000,27360000,54720000,1,6840000
nn_kernel_cpu,67196,0,1,0,0,0,0,1,6850000
nn_kernel_gpu,256,1,1,0,0,0,0,1,6850000
nn_kernel_gpu_mem,14839,1,1,54800000,27400000,27400000,54800000,1,6850000
nn_kernel_cpu,66829,0,1,0,0,0,0,1,690000
nn_kernel_gpu,129,1,1,0,0,0,0,1,690000
nn_kernel_gpu_mem,2754,1,1,5520000,2760000,2760000,5520000,1,690000
nn_kernel_cpu,66829,0,1,0,0,0,0,1,690000
nn_kernel_gpu,129,1,1,0,0,0,0,1,690000
nn_kernel_gpu_mem,2754,1,1,5520000,2760000,2760000,5520000,1,690000
nn_kernel_cpu,66829,0,1,0,0,0,0,1,690000
nn_kernel_gpu,129,1,1,0,0,0,0,1,690000
nn_kernel_gpu_mem,2754,1,1,5520000,2760000,2760000,5520000,1,690000
nn_kernel_cpu,67750,0,1,0,0,0,0,1,6860000
nn_kernel_gpu,238,1,1,0,0,0,0,1,6860000
nn_kernel_gpu_mem,15244,1,1,54880000,27440000,27440000,54880000,1,6860000
nn_kernel_cpu,67671,0,1,0,0,0,0,1,6870000
nn_kernel_gpu,260,1,1,0,0,0,0,1,6870000
nn_kernel_gpu_mem,15236,1,1,54960000,27480000,27480000,54960000,1,6870000
nn_kernel_cpu,67671,0,1,0,0,0,0,1,6870000
nn_kernel_gpu,260,1,1,0,0,0,0,1,6870000
nn_kernel_gpu_mem,15236,1,1,54960000,27480000,27480000,54960000,1,6870000
nn_kernel_cpu,68260,0,1,0,0,0,0,1,6880000
nn_kernel_gpu,234,1,1,0,0,0,0,1,6880000
nn_kernel_gpu_mem,15152,1,1,55040000,27520000,27520000,55040000,1,6880000
nn_kernel_cpu,68260,0,1,0,0,0,0,1,6880000
nn_kernel_gpu,234,1,1,0,0,0,0,1,6880000
nn_kernel_gpu_mem,15152,1,1,55040000,27520000,27520000,55040000,1,6880000
nn_kernel_cpu,67538,0,1,0,0,0,0,1,6890000
nn_kernel_gpu,221,1,1,0,0,0,0,1,6890000
nn_kernel_gpu_mem,15138,1,1,55120000,27560000,27560000,55120000,1,6890000
nn_kernel_cpu,67517,0,1,0,0,0,0,1,6900000
nn_kernel_gpu,237,1,1,0,0,0,0,1,6900000
nn_kernel_gpu_mem,15350,1,1,55200000,27600000,27600000,55200000,1,6900000
nn_kernel_cpu,67577,0,1,0,0,0,0,1,6910000
nn_kernel_gpu,255,1,1,0,0,0,0,1,6910000
nn_kernel_gpu_mem,15264,1,1,55280000,27640000,27640000,55280000,1,6910000
nn_kernel_cpu,67898,0,1,0,0,0,0,1,6920000
nn_kernel_gpu,241,1,1,0,0,0,0,1,6920000
nn_kernel_gpu_mem,15379,1,1,55360000,27680000,27680000,55360000,1,6920000
nn_kernel_cpu,67898,0,1,0,0,0,0,1,6920000
nn_kernel_gpu,241,1,1,0,0,0,0,1,6920000
nn_kernel_gpu_mem,15379,1,1,55360000,27680000,27680000,55360000,1,6920000
nn_kernel_cpu,67898,0,1,0,0,0,0,1,6920000
nn_kernel_gpu,241,1,1,0,0,0,0,1,6920000
nn_kernel_gpu_mem,15379,1,1,55360000,27680000,27680000,55360000,1,6920000
nn_kernel_cpu,67734,0,1,0,0,0,0,1,6940000
nn_kernel_gpu,254,1,1,0,0,0,0,1,6940000
nn_kernel_gpu_mem,15794,1,1,55520000,27760000,27760000,55520000,1,6940000
nn_kernel_cpu,67734,0,1,0,0,0,0,1,6940000
nn_kernel_gpu,254,1,1,0,0,0,0,1,6940000
nn_kernel_gpu_mem,15794,1,1,55520000,27760000,27760000,55520000,1,6940000
nn_kernel_cpu,67563,0,1,0,0,0,0,1,6930000
nn_kernel_gpu,241,1,1,0,0,0,0,1,6930000
nn_kernel_gpu_mem,14149,1,1,55440000,27720000,27720000,55440000,1,6930000
nn_kernel_cpu,67825,0,1,0,0,0,0,1,6950000
nn_kernel_gpu,237,1,1,0,0,0,0,1,6950000
nn_kernel_gpu_mem,15467,1,1,55600000,27800000,27800000,55600000,1,6950000
nn_kernel_cpu,67825,0,1,0,0,0,0,1,6950000
nn_kernel_gpu,237,1,1,0,0,0,0,1,6950000
nn_kernel_gpu_mem,15467,1,1,55600000,27800000,27800000,55600000,1,6950000
nn_kernel_cpu,67263,0,1,0,0,0,0,1,6960000
nn_kernel_gpu,222,1,1,0,0,0,0,1,6960000
nn_kernel_gpu_mem,15695,1,1,55680000,27840000,27840000,55680000,1,6960000
nn_kernel_cpu,67283,0,1,0,0,0,0,1,700000
nn_kernel_gpu,145,1,1,0,0,0,0,1,700000
nn_kernel_gpu_mem,2808,1,1,5600000,2800000,2800000,5600000,1,700000
nn_kernel_cpu,67021,0,1,0,0,0,0,1,70000
nn_kernel_gpu,83,1,1,0,0,0,0,1,70000
nn_kernel_gpu_mem,803,1,1,560000,280000,280000,560000,1,70000
nn_kernel_cpu,67021,0,1,0,0,0,0,1,70000
nn_kernel_gpu,83,1,1,0,0,0,0,1,70000
nn_kernel_gpu_mem,803,1,1,560000,280000,280000,560000,1,70000
nn_kernel_cpu,67021,0,1,0,0,0,0,1,70000
nn_kernel_gpu,83,1,1,0,0,0,0,1,70000
nn_kernel_gpu_mem,803,1,1,560000,280000,280000,560000,1,70000
nn_kernel_cpu,67334,0,1,0,0,0,0,1,6970000
nn_kernel_gpu,241,1,1,0,0,0,0,1,6970000
nn_kernel_gpu_mem,15689,1,1,55760000,27880000,27880000,55760000,1,6970000
nn_kernel_cpu,67283,0,1,0,0,0,0,1,700000
nn_kernel_gpu,145,1,1,0,0,0,0,1,700000
nn_kernel_gpu_mem,2808,1,1,5600000,2800000,2800000,5600000,1,700000
nn_kernel_cpu,68150,0,1,0,0,0,0,1,6980000
nn_kernel_gpu,256,1,1,0,0,0,0,1,6980000
nn_kernel_gpu_mem,15717,1,1,55840000,27920000,27920000,55840000,1,6980000
nn_kernel_cpu,67225,0,1,0,0,0,0,1,6990000
nn_kernel_gpu,240,1,1,0,0,0,0,1,6990000
nn_kernel_gpu_mem,15754,1,1,55920000,27960000,27960000,55920000,1,6990000
nn_kernel_cpu,67225,0,1,0,0,0,0,1,6990000
nn_kernel_gpu,240,1,1,0,0,0,0,1,6990000
nn_kernel_gpu_mem,15754,1,1,55920000,27960000,27960000,55920000,1,6990000
nn_kernel_cpu,67844,0,1,0,0,0,0,1,7000000
nn_kernel_gpu,240,1,1,0,0,0,0,1,7000000
nn_kernel_gpu_mem,15931,1,1,56000000,28000000,28000000,56000000,1,7000000
nn_kernel_cpu,67494,0,1,0,0,0,0,1,7010000
nn_kernel_gpu,223,1,1,0,0,0,0,1,7010000
nn_kernel_gpu_mem,15825,1,1,56080000,28040000,28040000,56080000,1,7010000
nn_kernel_cpu,67273,0,1,0,0,0,0,1,7020000
nn_kernel_gpu,243,1,1,0,0,0,0,1,7020000
nn_kernel_gpu_mem,16100,1,1,56160000,28080000,28080000,56160000,1,7020000

nn_kernel_cpu,67273,0,1,0,0,0,0,1,7020000
nn_kernel_gpu,243,1,1,0,0,0,0,1,7020000
nn_kernel_gpu_mem,16100,1,1,56160000,28080000,28080000,56160000,1,7020000

nn_kernel_cpu,67273,0,1,0,0,0,0,1,7020000
nn_kernel_gpu,243,1,1,0,0,0,0,1,7020000
nn_kernel_gpu_mem,16100,1,1,56160000,28080000,28080000,56160000,1,7020000

nn_kernel_cpu,67273,0,1,0,0,0,0,1,7020000
nn_kernel_gpu,243,1,1,0,0,0,0,1,7020000
nn_kernel_gpu_mem,16100,1,1,56160000,28080000,28080000,56160000,1,7020000

nn_kernel_cpu,67273,0,1,0,0,0,0,1,7020000
nn_kernel_gpu,243,1,1,0,0,0,0,1,7020000
nn_kernel_gpu_mem,16100,1,1,56160000,28080000,28080000,56160000,1,7020000

nn_kernel_cpu,67625,0,1,0,0,0,0,1,7030000
nn_kernel_gpu,258,1,1,0,0,0,0,1,7030000
nn_kernel_gpu_mem,16128,1,1,56240000,28120000,28120000,56240000,1,7030000
nn_kernel_cpu,67927,0,1,0,0,0,0,1,7040000
nn_kernel_gpu,258,1,1,0,0,0,0,1,7040000
nn_kernel_gpu_mem,15906,1,1,56320000,28160000,28160000,56320000,1,7040000
nn_kernel_cpu,67487,0,1,0,0,0,0,1,7050000
nn_kernel_gpu,244,1,1,0,0,0,0,1,7050000
nn_kernel_gpu_mem,15915,1,1,56400000,28200000,28200000,56400000,1,7050000
nn_kernel_cpu,67487,0,1,0,0,0,0,1,7050000
nn_kernel_gpu,244,1,1,0,0,0,0,1,7050000
nn_kernel_gpu_mem,15915,1,1,56400000,28200000,28200000,56400000,1,7050000
nn_kernel_cpu,67485,0,1,0,0,0,0,1,7060000
nn_kernel_gpu,242,1,1,0,0,0,0,1,7060000
nn_kernel_gpu_mem,15997,1,1,56480000,28240000,28240000,56480000,1,7060000
nn_kernel_cpu,66792,0,1,0,0,0,0,1,710000
nn_kernel_gpu,131,1,1,0,0,0,0,1,710000
nn_kernel_gpu_mem,2726,1,1,5680000,2840000,2840000,5680000,1,710000
nn_kernel_cpu,66792,0,1,0,0,0,0,1,710000
nn_kernel_gpu,131,1,1,0,0,0,0,1,710000
nn_kernel_gpu_mem,2726,1,1,5680000,2840000,2840000,5680000,1,710000
nn_kernel_cpu,67810,0,1,0,0,0,0,1,7070000
nn_kernel_gpu,224,1,1,0,0,0,0,1,7070000
nn_kernel_gpu_mem,15916,1,1,56560000,28280000,28280000,56560000,1,7070000
nn_kernel_cpu,42507,0,1,0,0,0,0,1,7080000
nn_kernel_gpu,244,1,1,0,0,0,0,1,7080000
nn_kernel_gpu_mem,16243,1,1,56640000,28320000,28320000,56640000,1,7080000
nn_kernel_cpu,42507,0,1,0,0,0,0,1,7080000
nn_kernel_gpu,244,1,1,0,0,0,0,1,7080000
nn_kernel_gpu_mem,16243,1,1,56640000,28320000,28320000,56640000,1,7080000
nn_kernel_cpu,42507,0,1,0,0,0,0,1,7080000
nn_kernel_gpu,244,1,1,0,0,0,0,1,7080000
nn_kernel_gpu_mem,16243,1,1,56640000,28320000,28320000,56640000,1,7080000
nn_kernel_cpu,42507,0,1,0,0,0,0,1,7080000
nn_kernel_gpu,244,1,1,0,0,0,0,1,7080000
nn_kernel_gpu_mem,16243,1,1,56640000,28320000,28320000,56640000,1,7080000
nn_kernel_cpu,42507,0,1,0,0,0,0,1,7080000
nn_kernel_gpu,244,1,1,0,0,0,0,1,7080000
nn_kernel_gpu_mem,16243,1,1,56640000,28320000,28320000,56640000,1,7080000
nn_kernel_cpu,67571,0,1,0,0,0,0,1,7090000
nn_kernel_gpu,264,1,1,0,0,0,0,1,7090000
nn_kernel_gpu_mem,16289,1,1,56720000,28360000,28360000,56720000,1,7090000
nn_kernel_cpu,67763,0,1,0,0,0,0,1,7110000
nn_kernel_gpu,241,1,1,0,0,0,0,1,7110000
nn_kernel_gpu_mem,16198,1,1,56880000,28440000,28440000,56880000,1,7110000
nn_kernel_cpu,68368,0,1,0,0,0,0,1,7100000
nn_kernel_gpu,263,1,1,0,0,0,0,1,7100000
nn_kernel_gpu_mem,14532,1,1,56800000,28400000,28400000,56800000,1,7100000
nn_kernel_cpu,67649,0,1,0,0,0,0,1,7120000
nn_kernel_gpu,242,1,1,0,0,0,0,1,7120000
nn_kernel_gpu_mem,16233,1,1,56960000,28480000,28480000,56960000,1,7120000
nn_kernel_cpu,67649,0,1,0,0,0,0,1,7120000
nn_kernel_gpu,242,1,1,0,0,0,0,1,7120000
nn_kernel_gpu_mem,16233,1,1,56960000,28480000,28480000,56960000,1,7120000
nn_kernel_cpu,67902,0,1,0,0,0,0,1,7130000
nn_kernel_gpu,224,1,1,0,0,0,0,1,7130000
nn_kernel_gpu_mem,16201,1,1,57040000,28520000,28520000,57040000,1,7130000
nn_kernel_cpu,67402,0,1,0,0,0,0,1,7140000
nn_kernel_gpu,238,1,1,0,0,0,0,1,7140000
nn_kernel_gpu_mem,16297,1,1,57120000,28560000,28560000,57120000,1,7140000
nn_kernel_cpu,67402,0,1,0,0,0,0,1,7140000
nn_kernel_gpu,238,1,1,0,0,0,0,1,7140000
nn_kernel_gpu_mem,16297,1,1,57120000,28560000,28560000,57120000,1,7140000
nn_kernel_cpu,67402,0,1,0,0,0,0,1,7140000
nn_kernel_gpu,238,1,1,0,0,0,0,1,7140000
nn_kernel_gpu_mem,16297,1,1,57120000,28560000,28560000,57120000,1,7140000
nn_kernel_cpu,67402,0,1,0,0,0,0,1,7140000
nn_kernel_gpu,238,1,1,0,0,0,0,1,7140000
nn_kernel_gpu_mem,16297,1,1,57120000,28560000,28560000,57120000,1,7140000
nn_kernel_cpu,67402,0,1,0,0,0,0,1,7140000
nn_kernel_gpu,238,1,1,0,0,0,0,1,7140000
nn_kernel_gpu_mem,16297,1,1,57120000,28560000,28560000,57120000,1,7140000
nn_kernel_cpu,67958,0,1,0,0,0,0,1,7150000
nn_kernel_gpu,260,1,1,0,0,0,0,1,7150000
nn_kernel_gpu_mem,16359,1,1,57200000,28600000,28600000,57200000,1,7150000
nn_kernel_cpu,67924,0,1,0,0,0,0,1,7160000
nn_kernel_gpu,246,1,1,0,0,0,0,1,7160000
nn_kernel_gpu_mem,16255,1,1,57280000,28640000,28640000,57280000,1,7160000
nn_kernel_cpu,67822,0,1,0,0,0,0,1,7170000
nn_kernel_gpu,244,1,1,0,0,0,0,1,7170000
nn_kernel_gpu_mem,16234,1,1,57360000,28680000,28680000,57360000,1,7170000
nn_kernel_cpu,67822,0,1,0,0,0,0,1,7170000
nn_kernel_gpu,244,1,1,0,0,0,0,1,7170000
nn_kernel_gpu_mem,16234,1,1,57360000,28680000,28680000,57360000,1,7170000
nn_kernel_cpu,67822,0,1,0,0,0,0,1,7170000
nn_kernel_gpu,244,1,1,0,0,0,0,1,7170000
nn_kernel_gpu_mem,16234,1,1,57360000,28680000,28680000,57360000,1,7170000
nn_kernel_cpu,67627,0,1,0,0,0,0,1,720000
nn_kernel_gpu,131,1,1,0,0,0,0,1,720000
nn_kernel_gpu_mem,2758,1,1,5760000,2880000,2880000,5760000,1,720000
nn_kernel_cpu,67549,0,1,0,0,0,0,1,7180000
nn_kernel_gpu,245,1,1,0,0,0,0,1,7180000
nn_kernel_gpu_mem,16230,1,1,57440000,28720000,28720000,57440000,1,7180000
nn_kernel_cpu,67546,0,1,0,0,0,0,1,7190000
nn_kernel_gpu,242,1,1,0,0,0,0,1,7190000
nn_kernel_gpu_mem,16429,1,1,57520000,28760000,28760000,57520000,1,7190000
nn_kernel_cpu,67546,0,1,0,0,0,0,1,7190000
nn_kernel_gpu,242,1,1,0,0,0,0,1,7190000
nn_kernel_gpu_mem,16429,1,1,57520000,28760000,28760000,57520000,1,7190000
nn_kernel_cpu,67546,0,1,0,0,0,0,1,7190000
nn_kernel_gpu,242,1,1,0,0,0,0,1,7190000
nn_kernel_gpu_mem,16429,1,1,57520000,28760000,28760000,57520000,1,7190000
nn_kernel_cpu,67546,0,1,0,0,0,0,1,7190000
nn_kernel_gpu,242,1,1,0,0,0,0,1,7190000
nn_kernel_gpu_mem,16429,1,1,57520000,28760000,28760000,57520000,1,7190000
nn_kernel_cpu,67381,0,1,0,0,0,0,1,7200000
nn_kernel_gpu,260,1,1,0,0,0,0,1,7200000
nn_kernel_gpu_mem,16449,1,1,57600000,28800000,28800000,57600000,1,7200000
nn_kernel_cpu,67381,0,1,0,0,0,0,1,7200000
nn_kernel_gpu,260,1,1,0,0,0,0,1,7200000
nn_kernel_gpu_mem,16449,1,1,57600000,28800000,28800000,57600000,1,7200000
nn_kernel_cpu,91285,0,1,0,0,0,0,1,7210000
nn_kernel_gpu,242,1,1,0,0,0,0,1,7210000
nn_kernel_gpu_mem,16401,1,1,57680000,28840000,28840000,57680000,1,7210000
nn_kernel_cpu,91285,0,1,0,0,0,0,1,7210000
nn_kernel_gpu,242,1,1,0,0,0,0,1,7210000
nn_kernel_gpu_mem,16401,1,1,57680000,28840000,28840000,57680000,1,7210000
nn_kernel_cpu,91285,0,1,0,0,0,0,1,7210000
nn_kernel_gpu,242,1,1,0,0,0,0,1,7210000
nn_kernel_gpu_mem,16401,1,1,57680000,28840000,28840000,57680000,1,7210000
nn_kernel_cpu,68110,0,1,0,0,0,0,1,7220000
nn_kernel_gpu,244,1,1,0,0,0,0,1,7220000
nn_kernel_gpu_mem,16396,1,1,57760000,28880000,28880000,57760000,1,7220000
nn_kernel_cpu,67707,0,1,0,0,0,0,1,7230000
nn_kernel_gpu,227,1,1,0,0,0,0,1,7230000
nn_kernel_gpu_mem,16348,1,1,57840000,28920000,28920000,57840000,1,7230000
nn_kernel_cpu,68042,0,1,0,0,0,0,1,7240000
nn_kernel_gpu,244,1,1,0,0,0,0,1,7240000
nn_kernel_gpu_mem,16667,1,1,57920000,28960000,28960000,57920000,1,7240000
nn_kernel_cpu,68042,0,1,0,0,0,0,1,7240000
nn_kernel_gpu,244,1,1,0,0,0,0,1,7240000
nn_kernel_gpu_mem,16667,1,1,57920000,28960000,28960000,57920000,1,7240000
nn_kernel_cpu,68042,0,1,0,0,0,0,1,7240000
nn_kernel_gpu,244,1,1,0,0,0,0,1,7240000
nn_kernel_gpu_mem,16667,1,1,57920000,28960000,28960000,57920000,1,7240000
nn_kernel_cpu,68042,0,1,0,0,0,0,1,7240000
nn_kernel_gpu,244,1,1,0,0,0,0,1,7240000
nn_kernel_gpu_mem,16667,1,1,57920000,28960000,28960000,57920000,1,7240000
nn_kernel_cpu,67856,0,1,0,0,0,0,1,7250000
nn_kernel_gpu,262,1,1,0,0,0,0,1,7250000
nn_kernel_gpu_mem,16544,1,1,58000000,29000000,29000000,58000000,1,7250000
nn_kernel_cpu,67856,0,1,0,0,0,0,1,7250000
nn_kernel_gpu,262,1,1,0,0,0,0,1,7250000
nn_kernel_gpu_mem,16544,1,1,58000000,29000000,29000000,58000000,1,7250000
nn_kernel_cpu,66873,0,1,0,0,0,0,1,730000
nn_kernel_gpu,145,1,1,0,0,0,0,1,730000
nn_kernel_gpu_mem,2756,1,1,5840000,2920000,2920000,5840000,1,730000
nn_kernel_cpu,66873,0,1,0,0,0,0,1,730000
nn_kernel_gpu,145,1,1,0,0,0,0,1,730000
nn_kernel_gpu_mem,2756,1,1,5840000,2920000,2920000,5840000,1,730000
nn_kernel_cpu,67111,0,1,0,0,0,0,1,7260000
nn_kernel_gpu,241,1,1,0,0,0,0,1,7260000
nn_kernel_gpu_mem,16472,1,1,58080000,29040000,29040000,58080000,1,7260000
nn_kernel_cpu,67111,0,1,0,0,0,0,1,7260000
nn_kernel_gpu,241,1,1,0,0,0,0,1,7260000
nn_kernel_gpu_mem,16472,1,1,58080000,29040000,29040000,58080000,1,7260000
nn_kernel_cpu,67981,0,1,0,0,0,0,1,7270000
nn_kernel_gpu,233,1,1,0,0,0,0,1,7270000
nn_kernel_gpu_mem,16576,1,1,58160000,29080000,29080000,58160000,1,7270000
nn_kernel_cpu,67970,0,1,0,0,0,0,1,7280000
nn_kernel_gpu,244,1,1,0,0,0,0,1,7280000
nn_kernel_gpu_mem,16604,1,1,58240000,29120000,29120000,58240000,1,7280000
nn_kernel_cpu,68384,0,1,0,0,0,0,1,7300000
nn_kernel_gpu,243,1,1,0,0,0,0,1,7300000
nn_kernel_gpu_mem,16859,1,1,58400000,29200000,29200000,58400000,1,7300000
nn_kernel_cpu,68384,0,1,0,0,0,0,1,7300000
nn_kernel_gpu,243,1,1,0,0,0,0,1,7300000
nn_kernel_gpu_mem,16859,1,1,58400000,29200000,29200000,58400000,1,7300000
nn_kernel_cpu,68384,0,1,0,0,0,0,1,7300000
nn_kernel_gpu,243,1,1,0,0,0,0,1,7300000
nn_kernel_gpu_mem,16859,1,1,58400000,29200000,29200000,58400000,1,7300000
nn_kernel_cpu,68384,0,1,0,0,0,0,1,7300000
nn_kernel_gpu,243,1,1,0,0,0,0,1,7300000
nn_kernel_gpu_mem,16859,1,1,58400000,29200000,29200000,58400000,1,7300000
nn_kernel_cpu,68107,0,1,0,0,0,0,1,7290000
nn_kernel_gpu,245,1,1,0,0,0,0,1,7290000
nn_kernel_gpu_mem,14808,1,1,58320000,29160000,29160000,58320000,1,7290000
nn_kernel_cpu,66782,0,1,0,0,0,0,1,7310000
nn_kernel_gpu,260,1,1,0,0,0,0,1,7310000
nn_kernel_gpu_mem,16710,1,1,58480000,29240000,29240000,58480000,1,7310000
nn_kernel_cpu,66782,0,1,0,0,0,0,1,7310000
nn_kernel_gpu,260,1,1,0,0,0,0,1,7310000
nn_kernel_gpu_mem,16710,1,1,58480000,29240000,29240000,58480000,1,7310000
nn_kernel_cpu,67727,0,1,0,0,0,0,1,7320000
nn_kernel_gpu,245,1,1,0,0,0,0,1,7320000
nn_kernel_gpu_mem,16702,1,1,58560000,29280000,29280000,58560000,1,7320000
nn_kernel_cpu,67727,0,1,0,0,0,0,1,7320000
nn_kernel_gpu,245,1,1,0,0,0,0,1,7320000
nn_kernel_gpu_mem,16702,1,1,58560000,29280000,29280000,58560000,1,7320000
nn_kernel_cpu,67727,0,1,0,0,0,0,1,7320000
nn_kernel_gpu,245,1,1,0,0,0,0,1,7320000
nn_kernel_gpu_mem,16702,1,1,58560000,29280000,29280000,58560000,1,7320000
nn_kernel_cpu,67783,0,1,0,0,0,0,1,7330000
nn_kernel_gpu,243,1,1,0,0,0,0,1,7330000
nn_kernel_gpu_mem,16713,1,1,58640000,29320000,29320000,58640000,1,7330000
nn_kernel_cpu,67875,0,1,0,0,0,0,1,7340000
nn_kernel_gpu,231,1,1,0,0,0,0,1,7340000
nn_kernel_gpu_mem,16827,1,1,58720000,29360000,29360000,58720000,1,7340000
nn_kernel_cpu,67875,0,1,0,0,0,0,1,7340000
nn_kernel_gpu,231,1,1,0,0,0,0,1,7340000
nn_kernel_gpu_mem,16827,1,1,58720000,29360000,29360000,58720000,1,7340000
nn_kernel_cpu,67875,0,1,0,0,0,0,1,7340000
nn_kernel_gpu,231,1,1,0,0,0,0,1,7340000
nn_kernel_gpu_mem,16827,1,1,58720000,29360000,29360000,58720000,1,7340000
nn_kernel_cpu,67618,0,1,0,0,0,0,1,7350000
nn_kernel_gpu,232,1,1,0,0,0,0,1,7350000
nn_kernel_gpu_mem,16806,1,1,58800000,29400000,29400000,58800000,1,7350000
nn_kernel_cpu,67301,0,1,0,0,0,0,1,7340000
nn_kernel_gpu,246,1,1,0,0,0,0,1,7340000
nn_kernel_gpu_mem,14995,1,1,58720000,29360000,29360000,58720000,1,7340000
nn_kernel_cpu,67758,0,1,0,0,0,0,1,7360000
nn_kernel_gpu,263,1,1,0,0,0,0,1,7360000
nn_kernel_gpu_mem,16986,1,1,58880000,29440000,29440000,58880000,1,7360000
nn_kernel_cpu,67758,0,1,0,0,0,0,1,7360000
nn_kernel_gpu,263,1,1,0,0,0,0,1,7360000
nn_kernel_gpu_mem,16986,1,1,58880000,29440000,29440000,58880000,1,7360000
nn_kernel_cpu,67672,0,1,0,0,0,0,1,740000
nn_kernel_gpu,129,1,1,0,0,0,0,1,740000
nn_kernel_gpu_mem,2959,1,1,5920000,2960000,2960000,5920000,1,740000
nn_kernel_cpu,66436,0,1,0,0,0,0,1,740000
nn_kernel_gpu,145,1,1,0,0,0,0,1,740000
nn_kernel_gpu_mem,2746,1,1,5920000,2960000,2960000,5920000,1,740000
nn_kernel_cpu,66436,0,1,0,0,0,0,1,740000
nn_kernel_gpu,145,1,1,0,0,0,0,1,740000
nn_kernel_gpu_mem,2746,1,1,5920000,2960000,2960000,5920000,1,740000
nn_kernel_cpu,67551,0,1,0,0,0,0,1,7370000
nn_kernel_gpu,245,1,1,0,0,0,0,1,7370000
nn_kernel_gpu_mem,16880,1,1,58960000,29480000,29480000,58960000,1,7370000
nn_kernel_cpu,67551,0,1,0,0,0,0,1,7370000
nn_kernel_gpu,245,1,1,0,0,0,0,1,7370000
nn_kernel_gpu_mem,16880,1,1,58960000,29480000,29480000,58960000,1,7370000
nn_kernel_cpu,67551,0,1,0,0,0,0,1,7370000
nn_kernel_gpu,245,1,1,0,0,0,0,1,7370000
nn_kernel_gpu_mem,16880,1,1,58960000,29480000,29480000,58960000,1,7370000
nn_kernel_cpu,67841,0,1,0,0,0,0,1,7380000
nn_kernel_gpu,246,1,1,0,0,0,0,1,7380000
nn_kernel_gpu_mem,16994,1,1,59040000,29520000,29520000,59040000,1,7380000
nn_kernel_cpu,68168,0,1,0,0,0,0,1,7390000
nn_kernel_gpu,227,1,1,0,0,0,0,1,7390000
nn_kernel_gpu_mem,17091,1,1,59120000,29560000,29560000,59120000,1,7390000
nn_kernel_cpu,68168,0,1,0,0,0,0,1,7390000
nn_kernel_gpu,227,1,1,0,0,0,0,1,7390000
nn_kernel_gpu_mem,17091,1,1,59120000,29560000,29560000,59120000,1,7390000
nn_kernel_cpu,68168,0,1,0,0,0,0,1,7390000
nn_kernel_gpu,227,1,1,0,0,0,0,1,7390000
nn_kernel_gpu_mem,17091,1,1,59120000,29560000,29560000,59120000,1,7390000
nn_kernel_cpu,68080,0,1,0,0,0,0,1,7400000
nn_kernel_gpu,232,1,1,0,0,0,0,1,7400000
nn_kernel_gpu_mem,16952,1,1,59200000,29600000,29600000,59200000,1,7400000
nn_kernel_cpu,67932,0,1,0,0,0,0,1,7410000
nn_kernel_gpu,243,1,1,0,0,0,0,1,7410000
nn_kernel_gpu_mem,17024,1,1,59280000,29640000,29640000,59280000,1,7410000
nn_kernel_cpu,67932,0,1,0,0,0,0,1,7410000
nn_kernel_gpu,243,1,1,0,0,0,0,1,7410000
nn_kernel_gpu_mem,17024,1,1,59280000,29640000,29640000,59280000,1,7410000
nn_kernel_cpu,76064,0,1,0,0,0,0,1,7420000
nn_kernel_gpu,262,1,1,0,0,0,0,1,7420000
nn_kernel_gpu_mem,17128,1,1,59360000,29680000,29680000,59360000,1,7420000
nn_kernel_cpu,67919,0,1,0,0,0,0,1,7430000
nn_kernel_gpu,244,1,1,0,0,0,0,1,7430000
nn_kernel_gpu_mem,17066,1,1,59440000,29720000,29720000,59440000,1,7430000
nn_kernel_cpu,67919,0,1,0,0,0,0,1,7430000
nn_kernel_gpu,244,1,1,0,0,0,0,1,7430000
nn_kernel_gpu_mem,17066,1,1,59440000,29720000,29720000,59440000,1,7430000
nn_kernel_cpu,67919,0,1,0,0,0,0,1,7430000
nn_kernel_gpu,244,1,1,0,0,0,0,1,7430000
nn_kernel_gpu_mem,17066,1,1,59440000,29720000,29720000,59440000,1,7430000
nn_kernel_cpu,67992,0,1,0,0,0,0,1,7440000
nn_kernel_gpu,243,1,1,0,0,0,0,1,7440000
nn_kernel_gpu_mem,17114,1,1,59520000,29760000,29760000,59520000,1,7440000
nn_kernel_cpu,67939,0,1,0,0,0,0,1,7450000
nn_kernel_gpu,228,1,1,0,0,0,0,1,7450000
nn_kernel_gpu_mem,17199,1,1,59600000,29800000,29800000,59600000,1,7450000
nn_kernel_cpu,67939,0,1,0,0,0,0,1,7450000
nn_kernel_gpu,228,1,1,0,0,0,0,1,7450000
nn_kernel_gpu_mem,17199,1,1,59600000,29800000,29800000,59600000,1,7450000
nn_kernel_cpu,67939,0,1,0,0,0,0,1,7450000
nn_kernel_gpu,228,1,1,0,0,0,0,1,7450000
nn_kernel_gpu_mem,17199,1,1,59600000,29800000,29800000,59600000,1,7450000
nn_kernel_cpu,67882,0,1,0,0,0,0,1,7460000
nn_kernel_gpu,231,1,1,0,0,0,0,1,7460000
nn_kernel_gpu_mem,17028,1,1,59680000,29840000,29840000,59680000,1,7460000
nn_kernel_cpu,67454,0,1,0,0,0,0,1,750000
nn_kernel_gpu,773,1,1,0,0,0,0,1,750000
nn_kernel_gpu_mem,37204,1,1,6000000,3000000,3000000,6000000,1,750000
nn_kernel_cpu,67454,0,1,0,0,0,0,1,750000
nn_kernel_gpu,773,1,1,0,0,0,0,1,750000
nn_kernel_gpu_mem,37204,1,1,6000000,3000000,3000000,6000000,1,750000
nn_kernel_cpu,67977,0,1,0,0,0,0,1,750000
nn_kernel_gpu,119,1,1,0,0,0,0,1,750000
nn_kernel_gpu_mem,2818,1,1,6000000,3000000,3000000,6000000,1,750000

nn_kernel_cpu,67697,0,1,0,0,0,0,1,7470000
nn_kernel_gpu,246,1,1,0,0,0,0,1,7470000
nn_kernel_gpu_mem,17248,1,1,59760000,29880000,29880000,59760000,1,7470000
nn_kernel_cpu,67697,0,1,0,0,0,0,1,7470000
nn_kernel_gpu,246,1,1,0,0,0,0,1,7470000
nn_kernel_gpu_mem,17248,1,1,59760000,29880000,29880000,59760000,1,7470000
nn_kernel_cpu,68187,0,1,0,0,0,0,1,7480000
nn_kernel_gpu,268,1,1,0,0,0,0,1,7480000
nn_kernel_gpu_mem,17263,1,1,59840000,29920000,29920000,59840000,1,7480000
nn_kernel_cpu,68409,0,1,0,0,0,0,1,7490000
nn_kernel_gpu,249,1,1,0,0,0,0,1,7490000
nn_kernel_gpu_mem,17222,1,1,59920000,29960000,29960000,59920000,1,7490000
nn_kernel_cpu,68409,0,1,0,0,0,0,1,7490000
nn_kernel_gpu,249,1,1,0,0,0,0,1,7490000
nn_kernel_gpu_mem,17222,1,1,59920000,29960000,29960000,59920000,1,7490000
nn_kernel_cpu,68409,0,1,0,0,0,0,1,7490000
nn_kernel_gpu,249,1,1,0,0,0,0,1,7490000
nn_kernel_gpu_mem,17222,1,1,59920000,29960000,29960000,59920000,1,7490000
nn_kernel_cpu,67912,0,1,0,0,0,0,1,7500000
nn_kernel_gpu,248,1,1,0,0,0,0,1,7500000
nn_kernel_gpu_mem,17229,1,1,60000000,30000000,30000000,60000000,1,7500000
nn_kernel_cpu,67749,0,1,0,0,0,0,1,7510000
nn_kernel_gpu,230,1,1,0,0,0,0,1,7510000
nn_kernel_gpu_mem,17236,1,1,60080000,30040000,30040000,60080000,1,7510000
nn_kernel_cpu,67186,0,1,0,0,0,0,1,7520000
nn_kernel_gpu,251,1,1,0,0,0,0,1,7520000
nn_kernel_gpu_mem,17308,1,1,60160000,30080000,30080000,60160000,1,7520000
nn_kernel_cpu,67186,0,1,0,0,0,0,1,7520000
nn_kernel_gpu,251,1,1,0,0,0,0,1,7520000
nn_kernel_gpu_mem,17308,1,1,60160000,30080000,30080000,60160000,1,7520000
nn_kernel_cpu,67575,0,1,0,0,0,0,1,7530000
nn_kernel_gpu,233,1,1,0,0,0,0,1,7530000
nn_kernel_gpu_mem,17316,1,1,60240000,30120000,30120000,60240000,1,7530000
nn_kernel_cpu,68155,0,1,0,0,0,0,1,7540000
nn_kernel_gpu,246,1,1,0,0,0,0,1,7540000
nn_kernel_gpu_mem,17401,1,1,60320000,30160000,30160000,60320000,1,7540000
nn_kernel_cpu,68155,0,1,0,0,0,0,1,7540000
nn_kernel_gpu,246,1,1,0,0,0,0,1,7540000
nn_kernel_gpu_mem,17401,1,1,60320000,30160000,30160000,60320000,1,7540000
nn_kernel_cpu,66676,0,1,0,0,0,0,1,7550000
nn_kernel_gpu,264,1,1,0,0,0,0,1,7550000
nn_kernel_gpu_mem,17528,1,1,60400000,30200000,30200000,60400000,1,7550000
nn_kernel_cpu,67326,0,1,0,0,0,0,1,7560000
nn_kernel_gpu,251,1,1,0,0,0,0,1,7560000
nn_kernel_gpu_mem,17443,1,1,60480000,30240000,30240000,60480000,1,7560000
nn_kernel_cpu,67326,0,1,0,0,0,0,1,7560000
nn_kernel_gpu,251,1,1,0,0,0,0,1,7560000
nn_kernel_gpu_mem,17443,1,1,60480000,30240000,30240000,60480000,1,7560000
nn_kernel_cpu,67326,0,1,0,0,0,0,1,7560000
nn_kernel_gpu,251,1,1,0,0,0,0,1,7560000
nn_kernel_gpu_mem,17443,1,1,60480000,30240000,30240000,60480000,1,7560000
nn_kernel_cpu,66182,0,1,0,0,0,0,1,760000
nn_kernel_gpu,129,1,1,0,0,0,0,1,760000
nn_kernel_gpu_mem,2767,1,1,6080000,3040000,3040000,6080000,1,760000
nn_kernel_cpu,66182,0,1,0,0,0,0,1,760000
nn_kernel_gpu,129,1,1,0,0,0,0,1,760000
nn_kernel_gpu_mem,2767,1,1,6080000,3040000,3040000,6080000,1,760000
nn_kernel_cpu,67875,0,1,0,0,0,0,1,7570000
nn_kernel_gpu,251,1,1,0,0,0,0,1,7570000
nn_kernel_gpu_mem,17413,1,1,60560000,30280000,30280000,60560000,1,7570000
nn_kernel_cpu,67839,0,1,0,0,0,0,1,7580000
nn_kernel_gpu,233,1,1,0,0,0,0,1,7580000
nn_kernel_gpu_mem,17393,1,1,60640000,30320000,30320000,60640000,1,7580000
nn_kernel_cpu,68073,0,1,0,0,0,0,1,7590000
nn_kernel_gpu,245,1,1,0,0,0,0,1,7590000
nn_kernel_gpu_mem,17341,1,1,60720000,30360000,30360000,60720000,1,7590000
nn_kernel_cpu,68073,0,1,0,0,0,0,1,7590000
nn_kernel_gpu,245,1,1,0,0,0,0,1,7590000
nn_kernel_gpu_mem,17341,1,1,60720000,30360000,30360000,60720000,1,7590000
nn_kernel_cpu,67854,0,1,0,0,0,0,1,7600000
nn_kernel_gpu,233,1,1,0,0,0,0,1,7600000
nn_kernel_gpu_mem,17519,1,1,60800000,30400000,30400000,60800000,1,7600000
nn_kernel_cpu,68067,0,1,0,0,0,0,1,7610000
nn_kernel_gpu,265,1,1,0,0,0,0,1,7610000
nn_kernel_gpu_mem,17650,1,1,60880000,30440000,30440000,60880000,1,7610000
nn_kernel_cpu,67882,0,1,0,0,0,0,1,7620000
nn_kernel_gpu,247,1,1,0,0,0,0,1,7620000
nn_kernel_gpu_mem,17593,1,1,60960000,30480000,30480000,60960000,1,7620000
nn_kernel_cpu,67882,0,1,0,0,0,0,1,7620000
nn_kernel_gpu,247,1,1,0,0,0,0,1,7620000
nn_kernel_gpu_mem,17593,1,1,60960000,30480000,30480000,60960000,1,7620000
nn_kernel_cpu,67882,0,1,0,0,0,0,1,7620000
nn_kernel_gpu,247,1,1,0,0,0,0,1,7620000
nn_kernel_gpu_mem,17593,1,1,60960000,30480000,30480000,60960000,1,7620000
nn_kernel_cpu,67822,0,1,0,0,0,0,1,7630000
nn_kernel_gpu,250,1,1,0,0,0,0,1,7630000
nn_kernel_gpu_mem,17758,1,1,61040000,30520000,30520000,61040000,1,7630000
nn_kernel_cpu,67822,0,1,0,0,0,0,1,7630000
nn_kernel_gpu,250,1,1,0,0,0,0,1,7630000
nn_kernel_gpu_mem,17758,1,1,61040000,30520000,30520000,61040000,1,7630000
nn_kernel_cpu,67723,0,1,0,0,0,0,1,7640000
nn_kernel_gpu,246,1,1,0,0,0,0,1,7640000
nn_kernel_gpu_mem,17655,1,1,61120000,30560000,30560000,61120000,1,7640000
nn_kernel_cpu,66282,0,1,0,0,0,0,1,770000
nn_kernel_gpu,129,1,1,0,0,0,0,1,770000
nn_kernel_gpu_mem,2798,1,1,6160000,3080000,3080000,6160000,1,770000
nn_kernel_cpu,67855,0,1,0,0,0,0,1,7650000
nn_kernel_gpu,233,1,1,0,0,0,0,1,7650000
nn_kernel_gpu_mem,17419,1,1,61200000,30600000,30600000,61200000,1,7650000
nn_kernel_cpu,67478,0,1,0,0,0,0,1,7660000
nn_kernel_gpu,245,1,1,0,0,0,0,1,7660000
nn_kernel_gpu_mem,17574,1,1,61280000,30640000,30640000,61280000,1,7660000
nn_kernel_cpu,67478,0,1,0,0,0,0,1,7660000
nn_kernel_gpu,245,1,1,0,0,0,0,1,7660000
nn_kernel_gpu_mem,17574,1,1,61280000,30640000,30640000,61280000,1,7660000
nn_kernel_cpu,67739,0,1,0,0,0,0,1,7670000
nn_kernel_gpu,231,1,1,0,0,0,0,1,7670000
nn_kernel_gpu_mem,17679,1,1,61360000,30680000,30680000,61360000,1,7670000
nn_kernel_cpu,67857,0,1,0,0,0,0,1,7680000
nn_kernel_gpu,287,1,1,0,0,0,0,1,7680000
nn_kernel_gpu_mem,17740,1,1,61440000,30720000,30720000,61440000,1,7680000
nn_kernel_cpu,67680,0,1,0,0,0,0,1,7690000
nn_kernel_gpu,251,1,1,0,0,0,0,1,7690000
nn_kernel_gpu_mem,17692,1,1,61520000,30760000,30760000,61520000,1,7690000
nn_kernel_cpu,67680,0,1,0,0,0,0,1,7690000
nn_kernel_gpu,251,1,1,0,0,0,0,1,7690000
nn_kernel_gpu_mem,17692,1,1,61520000,30760000,30760000,61520000,1,7690000
nn_kernel_cpu,67680,0,1,0,0,0,0,1,7690000
nn_kernel_gpu,251,1,1,0,0,0,0,1,7690000
nn_kernel_gpu_mem,17692,1,1,61520000,30760000,30760000,61520000,1,7690000
nn_kernel_cpu,67005,0,1,0,0,0,0,1,7700000
nn_kernel_gpu,251,1,1,0,0,0,0,1,7700000
nn_kernel_gpu_mem,17826,1,1,61600000,30800000,30800000,61600000,1,7700000
nn_kernel_cpu,67005,0,1,0,0,0,0,1,7700000
nn_kernel_gpu,251,1,1,0,0,0,0,1,7700000
nn_kernel_gpu_mem,17826,1,1,61600000,30800000,30800000,61600000,1,7700000
nn_kernel_cpu,67616,0,1,0,0,0,0,1,7710000
nn_kernel_gpu,249,1,1,0,0,0,0,1,7710000
nn_kernel_gpu_mem,17733,1,1,61680000,30840000,30840000,61680000,1,7710000
nn_kernel_cpu,68147,0,1,0,0,0,0,1,7720000
nn_kernel_gpu,236,1,1,0,0,0,0,1,7720000
nn_kernel_gpu_mem,17663,1,1,61760000,30880000,30880000,61760000,1,7720000
nn_kernel_cpu,68245,0,1,0,0,0,0,1,7730000
nn_kernel_gpu,250,1,1,0,0,0,0,1,7730000
nn_kernel_gpu_mem,17634,1,1,61840000,30920000,30920000,61840000,1,7730000
nn_kernel_cpu,68245,0,1,0,0,0,0,1,7730000
nn_kernel_gpu,250,1,1,0,0,0,0,1,7730000
nn_kernel_gpu_mem,17634,1,1,61840000,30920000,30920000,61840000,1,7730000
nn_kernel_cpu,67854,0,1,0,0,0,0,1,7740000
nn_kernel_gpu,230,1,1,0,0,0,0,1,7740000
nn_kernel_gpu_mem,17890,1,1,61920000,30960000,30960000,61920000,1,7740000
nn_kernel_cpu,66986,0,1,0,0,0,0,1,780000
nn_kernel_gpu,122,1,1,0,0,0,0,1,780000
nn_kernel_gpu_mem,2793,1,1,6240000,3120000,3120000,6240000,1,780000
nn_kernel_cpu,67947,0,1,0,0,0,0,1,7750000
nn_kernel_gpu,270,1,1,0,0,0,0,1,7750000
nn_kernel_gpu_mem,17988,1,1,62000000,31000000,31000000,62000000,1,7750000
nn_kernel_cpu,67337,0,1,0,0,0,0,1,7760000
nn_kernel_gpu,251,1,1,0,0,0,0,1,7760000
nn_kernel_gpu_mem,17869,1,1,62080000,31040000,31040000,62080000,1,7760000
nn_kernel_cpu,67337,0,1,0,0,0,0,1,7760000
nn_kernel_gpu,251,1,1,0,0,0,0,1,7760000
nn_kernel_gpu_mem,17869,1,1,62080000,31040000,31040000,62080000,1,7760000
nn_kernel_cpu,67337,0,1,0,0,0,0,1,7760000
nn_kernel_gpu,251,1,1,0,0,0,0,1,7760000
nn_kernel_gpu_mem,17869,1,1,62080000,31040000,31040000,62080000,1,7760000
nn_kernel_cpu,67864,0,1,0,0,0,0,1,7770000
nn_kernel_gpu,250,1,1,0,0,0,0,1,7770000
nn_kernel_gpu_mem,18156,1,1,62160000,31080000,31080000,62160000,1,7770000
nn_kernel_cpu,67864,0,1,0,0,0,0,1,7770000
nn_kernel_gpu,250,1,1,0,0,0,0,1,7770000
nn_kernel_gpu_mem,18156,1,1,62160000,31080000,31080000,62160000,1,7770000
nn_kernel_cpu,68019,0,1,0,0,0,0,1,7780000
nn_kernel_gpu,249,1,1,0,0,0,0,1,7780000
nn_kernel_gpu_mem,17950,1,1,62240000,31120000,31120000,62240000,1,7780000
nn_kernel_cpu,68028,0,1,0,0,0,0,1,7790000
nn_kernel_gpu,252,1,1,0,0,0,0,1,7790000
nn_kernel_gpu_mem,18700,1,1,62320000,31160000,31160000,62320000,1,7790000
nn_kernel_cpu,68184,0,1,0,0,0,0,1,7800000
nn_kernel_gpu,253,1,1,0,0,0,0,1,7800000
nn_kernel_gpu_mem,17860,1,1,62400000,31200000,31200000,62400000,1,7800000
nn_kernel_cpu,67651,0,1,0,0,0,0,1,7790000
nn_kernel_gpu,238,1,1,0,0,0,0,1,7790000
nn_kernel_gpu_mem,16310,1,1,62320000,31160000,31160000,62320000,1,7790000
nn_kernel_cpu,67562,0,1,0,0,0,0,1,7810000
nn_kernel_gpu,233,1,1,0,0,0,0,1,7810000
nn_kernel_gpu_mem,17970,1,1,62480000,31240000,31240000,62480000,1,7810000
nn_kernel_cpu,67930,0,1,0,0,0,0,1,7820000
nn_kernel_gpu,267,1,1,0,0,0,0,1,7820000
nn_kernel_gpu_mem,18112,1,1,62560000,31280000,31280000,62560000,1,7820000
nn_kernel_cpu,76226,0,1,0,0,0,0,1,7830000
nn_kernel_gpu,252,1,1,0,0,0,0,1,7830000
nn_kernel_gpu_mem,18041,1,1,62640000,31320000,31320000,62640000,1,7830000
nn_kernel_cpu,76226,0,1,0,0,0,0,1,7830000
nn_kernel_gpu,252,1,1,0,0,0,0,1,7830000
nn_kernel_gpu_mem,18041,1,1,62640000,31320000,31320000,62640000,1,7830000
nn_kernel_cpu,76226,0,1,0,0,0,0,1,7830000
nn_kernel_gpu,252,1,1,0,0,0,0,1,7830000
nn_kernel_gpu_mem,18041,1,1,62640000,31320000,31320000,62640000,1,7830000
nn_kernel_cpu,67345,0,1,0,0,0,0,1,7840000
nn_kernel_gpu,252,1,1,0,0,0,0,1,7840000
nn_kernel_gpu_mem,18203,1,1,62720000,31360000,31360000,62720000,1,7840000
nn_kernel_cpu,67345,0,1,0,0,0,0,1,7840000
nn_kernel_gpu,252,1,1,0,0,0,0,1,7840000
nn_kernel_gpu_mem,18203,1,1,62720000,31360000,31360000,62720000,1,7840000
nn_kernel_cpu,67289,0,1,0,0,0,0,1,7850000
nn_kernel_gpu,254,1,1,0,0,0,0,1,7850000
nn_kernel_gpu_mem,18046,1,1,62800000,31400000,31400000,62800000,1,7850000
nn_kernel_cpu,68277,0,1,0,0,0,0,1,7860000
nn_kernel_gpu,248,1,1,0,0,0,0,1,7860000
nn_kernel_gpu_mem,17975,1,1,62880000,31440000,31440000,62880000,1,7860000
nn_kernel_cpu,68277,0,1,0,0,0,0,1,7860000
nn_kernel_gpu,248,1,1,0,0,0,0,1,7860000
nn_kernel_gpu_mem,17975,1,1,62880000,31440000,31440000,62880000,1,7860000
nn_kernel_cpu,67974,0,1,0,0,0,0,1,790000
nn_kernel_gpu,137,1,1,0,0,0,0,1,790000
nn_kernel_gpu_mem,2825,1,1,6320000,3160000,3160000,6320000,1,790000
nn_kernel_cpu,67934,0,1,0,0,0,0,1,7870000
nn_kernel_gpu,235,1,1,0,0,0,0,1,7870000
nn_kernel_gpu_mem,18424,1,1,62960000,31480000,31480000,62960000,1,7870000
nn_kernel_cpu,67934,0,1,0,0,0,0,1,7870000
nn_kernel_gpu,235,1,1,0,0,0,0,1,7870000
nn_kernel_gpu_mem,18424,1,1,62960000,31480000,31480000,62960000,1,7870000
nn_kernel_cpu,68258,0,1,0,0,0,0,1,7880000
nn_kernel_gpu,273,1,1,0,0,0,0,1,7880000
nn_kernel_gpu_mem,18464,1,1,63040000,31520000,31520000,63040000,1,7880000
nn_kernel_cpu,67538,0,1,0,0,0,0,1,7890000
nn_kernel_gpu,254,1,1,0,0,0,0,1,7890000
nn_kernel_gpu_mem,18315,1,1,63120000,31560000,31560000,63120000,1,7890000
nn_kernel_cpu,67538,0,1,0,0,0,0,1,7890000
nn_kernel_gpu,254,1,1,0,0,0,0,1,7890000
nn_kernel_gpu_mem,18315,1,1,63120000,31560000,31560000,63120000,1,7890000
nn_kernel_cpu,67538,0,1,0,0,0,0,1,7890000
nn_kernel_gpu,254,1,1,0,0,0,0,1,7890000
nn_kernel_gpu_mem,18315,1,1,63120000,31560000,31560000,63120000,1,7890000
nn_kernel_cpu,68232,0,1,0,0,0,0,1,7900000
nn_kernel_gpu,257,1,1,0,0,0,0,1,7900000
nn_kernel_gpu_mem,18828,1,1,63200000,31600000,31600000,63200000,1,7900000
nn_kernel_cpu,68232,0,1,0,0,0,0,1,7900000
nn_kernel_gpu,257,1,1,0,0,0,0,1,7900000
nn_kernel_gpu_mem,18828,1,1,63200000,31600000,31600000,63200000,1,7900000
nn_kernel_cpu,68297,0,1,0,0,0,0,1,7910000
nn_kernel_gpu,374,1,1,0,0,0,0,1,7910000
nn_kernel_gpu_mem,18281,1,1,63280000,31640000,31640000,63280000,1,7910000
nn_kernel_cpu,68297,0,1,0,0,0,0,1,7910000
nn_kernel_gpu,374,1,1,0,0,0,0,1,7910000
nn_kernel_gpu_mem,18281,1,1,63280000,31640000,31640000,63280000,1,7910000
nn_kernel_cpu,67568,0,1,0,0,0,0,1,7920000
nn_kernel_gpu,245,1,1,0,0,0,0,1,7920000
nn_kernel_gpu_mem,18414,1,1,63360000,31680000,31680000,63360000,1,7920000
nn_kernel_cpu,67870,0,1,0,0,0,0,1,7930000
nn_kernel_gpu,237,1,1,0,0,0,0,1,7930000
nn_kernel_gpu_mem,18412,1,1,63440000,31720000,31720000,63440000,1,7930000
nn_kernel_cpu,67870,0,1,0,0,0,0,1,7930000
nn_kernel_gpu,237,1,1,0,0,0,0,1,7930000
nn_kernel_gpu_mem,18412,1,1,63440000,31720000,31720000,63440000,1,7930000
nn_kernel_cpu,79462,0,1,0,0,0,0,1,7940000
nn_kernel_gpu,275,1,1,0,0,0,0,1,7940000
nn_kernel_gpu_mem,20692,1,1,63520000,31760000,31760000,63520000,1,7940000
nn_kernel_cpu,68204,0,1,0,0,0,0,1,7950000
nn_kernel_gpu,253,1,1,0,0,0,0,1,7950000
nn_kernel_gpu_mem,18478,1,1,63600000,31800000,31800000,63600000,1,7950000
nn_kernel_cpu,68204,0,1,0,0,0,0,1,7950000
nn_kernel_gpu,253,1,1,0,0,0,0,1,7950000
nn_kernel_gpu_mem,18478,1,1,63600000,31800000,31800000,63600000,1,7950000
nn_kernel_cpu,67651,0,1,0,0,0,0,1,7960000
nn_kernel_gpu,253,1,1,0,0,0,0,1,7960000
nn_kernel_gpu_mem,21245,1,1,63680000,31840000,31840000,63680000,1,7960000
nn_kernel_cpu,65874,0,1,0,0,0,0,1,80000
nn_kernel_gpu,64,1,1,0,0,0,0,1,80000
nn_kernel_gpu_mem,803,1,1,640000,320000,320000,640000,1,80000
nn_kernel_cpu,67453,0,1,0,0,0,0,1,800000
nn_kernel_gpu,134,1,1,0,0,0,0,1,800000
nn_kernel_gpu_mem,2811,1,1,6400000,3200000,3200000,6400000,1,800000
nn_kernel_cpu,67453,0,1,0,0,0,0,1,800000
nn_kernel_gpu,134,1,1,0,0,0,0,1,800000
nn_kernel_gpu_mem,2811,1,1,6400000,3200000,3200000,6400000,1,800000
nn_kernel_cpu,67584,0,1,0,0,0,0,1,7950000
nn_kernel_gpu,274,1,1,0,0,0,0,1,7950000
nn_kernel_gpu_mem,16753,1,1,63600000,31800000,31800000,63600000,1,7950000
nn_kernel_cpu,66915,0,1,0,0,0,0,1,7960000
nn_kernel_gpu,251,1,1,0,0,0,0,1,7960000
nn_kernel_gpu_mem,17024,1,1,63680000,31840000,31840000,63680000,1,7960000
nn_kernel_cpu,67846,0,1,0,0,0,0,1,7970000
nn_kernel_gpu,251,1,1,0,0,0,0,1,7970000
nn_kernel_gpu_mem,20649,1,1,63760000,31880000,31880000,63760000,1,7970000
nn_kernel_cpu,67846,0,1,0,0,0,0,1,7970000
nn_kernel_gpu,251,1,1,0,0,0,0,1,7970000
nn_kernel_gpu_mem,20649,1,1,63760000,31880000,31880000,63760000,1,7970000
nn_kernel_cpu,67586,0,1,0,0,0,0,1,7980000
nn_kernel_gpu,255,1,1,0,0,0,0,1,7980000
nn_kernel_gpu_mem,20149,1,1,63840000,31920000,31920000,63840000,1,7980000
nn_kernel_cpu,67591,0,1,0,0,0,0,1,7990000
nn_kernel_gpu,237,1,1,0,0,0,0,1,7990000
nn_kernel_gpu_mem,19852,1,1,63920000,31960000,31960000,63920000,1,7990000
nn_kernel_cpu,68224,0,1,0,0,0,0,1,8000000
nn_kernel_gpu,270,1,1,0,0,0,0,1,8000000
nn_kernel_gpu_mem,20813,1,1,64000000,32000000,32000000,64000000,1,8000000
nn_kernel_cpu,75826,0,1,0,0,0,0,1,7990000
nn_kernel_gpu,252,1,1,0,0,0,0,1,7990000
nn_kernel_gpu_mem,16768,1,1,63920000,31960000,31960000,63920000,1,7990000
nn_kernel_cpu,67760,0,1,0,0,0,0,1,8010000
nn_kernel_gpu,257,1,1,0,0,0,0,1,8010000
nn_kernel_gpu_mem,21311,1,1,64080000,32040000,32040000,64080000,1,8010000
nn_kernel_cpu,67760,0,1,0,0,0,0,1,8010000
nn_kernel_gpu,257,1,1,0,0,0,0,1,8010000
nn_kernel_gpu_mem,21311,1,1,64080000,32040000,32040000,64080000,1,8010000
nn_kernel_cpu,67760,0,1,0,0,0,0,1,8010000
nn_kernel_gpu,257,1,1,0,0,0,0,1,8010000
nn_kernel_gpu_mem,21311,1,1,64080000,32040000,32040000,64080000,1,8010000
nn_kernel_cpu,67874,0,1,0,0,0,0,1,8020000
nn_kernel_gpu,268,1,1,0,0,0,0,1,8020000
nn_kernel_gpu_mem,19340,1,1,64160000,32080000,32080000,64160000,1,8020000
nn_kernel_cpu,67618,0,1,0,0,0,0,1,8030000
nn_kernel_gpu,257,1,1,0,0,0,0,1,8030000
nn_kernel_gpu_mem,19643,1,1,64240000,32120000,32120000,64240000,1,8030000
nn_kernel_cpu,68112,0,1,0,0,0,0,1,8040000
nn_kernel_gpu,268,1,1,0,0,0,0,1,8040000
nn_kernel_gpu_mem,19223,1,1,64320000,32160000,32160000,64320000,1,8040000
nn_kernel_cpu,68112,0,1,0,0,0,0,1,8040000
nn_kernel_gpu,268,1,1,0,0,0,0,1,8040000
nn_kernel_gpu_mem,19223,1,1,64320000,32160000,32160000,64320000,1,8040000
nn_kernel_cpu,66935,0,1,0,0,0,0,1,810000
nn_kernel_gpu,134,1,1,0,0,0,0,1,810000
nn_kernel_gpu_mem,2831,1,1,6480000,3240000,3240000,6480000,1,810000
nn_kernel_cpu,68377,0,1,0,0,0,0,1,8050000
nn_kernel_gpu,266,1,1,0,0,0,0,1,8050000
nn_kernel_gpu_mem,16849,1,1,64400000,32200000,32200000,64400000,1,8050000
nn_kernel_cpu,68076,0,1,0,0,0,0,1,8070000
nn_kernel_gpu,268,1,1,0,0,0,0,1,8070000
nn_kernel_gpu_mem,19947,1,1,64560000,32280000,32280000,64560000,1,8070000
nn_kernel_cpu,67657,0,1,0,0,0,0,1,8080000
nn_kernel_gpu,239,1,1,0,0,0,0,1,8080000
nn_kernel_gpu_mem,19886,1,1,64640000,32320000,32320000,64640000,1,8080000
nn_kernel_cpu,68193,0,1,0,0,0,0,1,8060000
nn_kernel_gpu,237,1,1,0,0,0,0,1,8060000
nn_kernel_gpu_mem,17083,1,1,64480000,32240000,32240000,64480000,1,8060000
nn_kernel_cpu,67682,0,1,0,0,0,0,1,8090000
nn_kernel_gpu,257,1,1,0,0,0,0,1,8090000
nn_kernel_gpu_mem,26922,1,1,64720000,32360000,32360000,64720000,1,8090000
nn_kernel_cpu,67682,0,1,0,0,0,0,1,8090000
nn_kernel_gpu,257,1,1,0,0,0,0,1,8090000
nn_kernel_gpu_mem,26922,1,1,64720000,32360000,32360000,64720000,1,8090000
nn_kernel_cpu,67741,0,1,0,0,0,0,1,8100000
nn_kernel_gpu,271,1,1,0,0,0,0,1,8100000
nn_kernel_gpu_mem,18691,1,1,64800000,32400000,32400000,64800000,1,8100000
nn_kernel_cpu,67762,0,1,0,0,0,0,1,8110000
nn_kernel_gpu,255,1,1,0,0,0,0,1,8110000
nn_kernel_gpu_mem,18716,1,1,64880000,32440000,32440000,64880000,1,8110000
nn_kernel_cpu,67762,0,1,0,0,0,0,1,8110000
nn_kernel_gpu,255,1,1,0,0,0,0,1,8110000
nn_kernel_gpu_mem,18716,1,1,64880000,32440000,32440000,64880000,1,8110000
nn_kernel_cpu,67584,0,1,0,0,0,0,1,8090000
nn_kernel_gpu,256,1,1,0,0,0,0,1,8090000
nn_kernel_gpu_mem,17329,1,1,64720000,32360000,32360000,64720000,1,8090000
nn_kernel_cpu,68053,0,1,0,0,0,0,1,8120000
nn_kernel_gpu,259,1,1,0,0,0,0,1,8120000
nn_kernel_gpu_mem,19119,1,1,64960000,32480000,32480000,64960000,1,8120000
nn_kernel_cpu,67283,0,1,0,0,0,0,1,8130000
nn_kernel_gpu,274,1,1,0,0,0,0,1,8130000
nn_kernel_gpu_mem,18943,1,1,65040000,32520000,32520000,65040000,1,8130000
nn_kernel_cpu,67283,0,1,0,0,0,0,1,8130000
nn_kernel_gpu,274,1,1,0,0,0,0,1,8130000
nn_kernel_gpu_mem,18943,1,1,65040000,32520000,32520000,65040000,1,8130000
nn_kernel_cpu,77168,0,1,0,0,0,0,1,8140000
nn_kernel_gpu,240,1,1,0,0,0,0,1,8140000
nn_kernel_gpu_mem,19070,1,1,65120000,32560000,32560000,65120000,1,8140000
nn_kernel_cpu,77168,0,1,0,0,0,0,1,8140000
nn_kernel_gpu,240,1,1,0,0,0,0,1,8140000
nn_kernel_gpu_mem,19070,1,1,65120000,32560000,32560000,65120000,1,8140000
nn_kernel_cpu,68014,0,1,0,0,0,0,1,8150000
nn_kernel_gpu,255,1,1,0,0,0,0,1,8150000
nn_kernel_gpu_mem,19027,1,1,65200000,32600000,32600000,65200000,1,8150000
nn_kernel_cpu,68014,0,1,0,0,0,0,1,8150000
nn_kernel_gpu,255,1,1,0,0,0,0,1,8150000
nn_kernel_gpu_mem,19027,1,1,65200000,32600000,32600000,65200000,1,8150000
nn_kernel_cpu,67945,0,1,0,0,0,0,1,8160000
nn_kernel_gpu,293,1,1,0,0,0,0,1,8160000
nn_kernel_gpu_mem,18886,1,1,65280000,32640000,32640000,65280000,1,8160000
nn_kernel_cpu,71692,0,1,0,0,0,0,1,820000
nn_kernel_gpu,122,1,1,0,0,0,0,1,820000
nn_kernel_gpu_mem,2845,1,1,6560000,3280000,3280000,6560000,1,820000
nn_kernel_cpu,71692,0,1,0,0,0,0,1,820000
nn_kernel_gpu,122,1,1,0,0,0,0,1,820000
nn_kernel_gpu_mem,2845,1,1,6560000,3280000,3280000,6560000,1,820000
nn_kernel_cpu,71877,0,1,0,0,0,0,1,8170000
nn_kernel_gpu,255,1,1,0,0,0,0,1,8170000
nn_kernel_gpu_mem,18870,1,1,65360000,32680000,32680000,65360000,1,8170000
nn_kernel_cpu,71877,0,1,0,0,0,0,1,8170000
nn_kernel_gpu,255,1,1,0,0,0,0,1,8170000
nn_kernel_gpu_mem,18870,1,1,65360000,32680000,32680000,65360000,1,8170000
nn_kernel_cpu,78529,0,1,0,0,0,0,1,8180000
nn_kernel_gpu,256,1,1,0,0,0,0,1,8180000
nn_kernel_gpu_mem,19350,1,1,65440000,32720000,32720000,65440000,1,8180000
nn_kernel_cpu,67748,0,1,0,0,0,0,1,8190000
nn_kernel_gpu,261,1,1,0,0,0,0,1,8190000
nn_kernel_gpu_mem,19213,1,1,65520000,32760000,32760000,65520000,1,8190000
nn_kernel_cpu,67952,0,1,0,0,0,0,1,8200000
nn_kernel_gpu,257,1,1,0,0,0,0,1,8200000
nn_kernel_gpu_mem,19132,1,1,65600000,32800000,32800000,65600000,1,8200000
nn_kernel_cpu,67952,0,1,0,0,0,0,1,8200000
nn_kernel_gpu,257,1,1,0,0,0,0,1,8200000
nn_kernel_gpu_mem,19132,1,1,65600000,32800000,32800000,65600000,1,8200000
nn_kernel_cpu,67976,0,1,0,0,0,0,1,8210000
nn_kernel_gpu,257,1,1,0,0,0,0,1,8210000
nn_kernel_gpu_mem,19166,1,1,65680000,32840000,32840000,65680000,1,8210000
nn_kernel_cpu,67976,0,1,0,0,0,0,1,8210000
nn_kernel_gpu,257,1,1,0,0,0,0,1,8210000
nn_kernel_gpu_mem,19166,1,1,65680000,32840000,32840000,65680000,1,8210000
nn_kernel_cpu,67471,0,1,0,0,0,0,1,8220000
nn_kernel_gpu,240,1,1,0,0,0,0,1,8220000
nn_kernel_gpu_mem,19179,1,1,65760000,32880000,32880000,65760000,1,8220000
nn_kernel_cpu,67471,0,1,0,0,0,0,1,8220000
nn_kernel_gpu,240,1,1,0,0,0,0,1,8220000
nn_kernel_gpu_mem,19179,1,1,65760000,32880000,32880000,65760000,1,8220000
nn_kernel_cpu,67471,0,1,0,0,0,0,1,8220000
nn_kernel_gpu,240,1,1,0,0,0,0,1,8220000
nn_kernel_gpu_mem,19179,1,1,65760000,32880000,32880000,65760000,1,8220000
nn_kernel_cpu,67384,0,1,0,0,0,0,1,8230000
nn_kernel_gpu,256,1,1,0,0,0,0,1,8230000
nn_kernel_gpu_mem,19218,1,1,65840000,32920000,32920000,65840000,1,8230000
nn_kernel_cpu,67384,0,1,0,0,0,0,1,8230000
nn_kernel_gpu,256,1,1,0,0,0,0,1,8230000
nn_kernel_gpu_mem,19218,1,1,65840000,32920000,32920000,65840000,1,8230000
nn_kernel_cpu,67384,0,1,0,0,0,0,1,8230000
nn_kernel_gpu,256,1,1,0,0,0,0,1,8230000
nn_kernel_gpu_mem,19218,1,1,65840000,32920000,32920000,65840000,1,8230000
nn_kernel_cpu,68110,0,1,0,0,0,0,1,8240000
nn_kernel_gpu,259,1,1,0,0,0,0,1,8240000
nn_kernel_gpu_mem,19320,1,1,65920000,32960000,32960000,65920000,1,8240000
nn_kernel_cpu,68247,0,1,0,0,0,0,1,8250000
nn_kernel_gpu,258,1,1,0,0,0,0,1,8250000
nn_kernel_gpu_mem,19208,1,1,66000000,33000000,33000000,66000000,1,8250000
nn_kernel_cpu,67337,0,1,0,0,0,0,1,830000
nn_kernel_gpu,132,1,1,0,0,0,0,1,830000
nn_kernel_gpu_mem,2826,1,1,6640000,3320000,3320000,6640000,1,830000
nn_kernel_cpu,68220,0,1,0,0,0,0,1,8250000
nn_kernel_gpu,278,1,1,0,0,0,0,1,8250000
nn_kernel_gpu_mem,17647,1,1,66000000,33000000,33000000,66000000,1,8250000
nn_kernel_cpu,67281,0,1,0,0,0,0,1,8260000
nn_kernel_gpu,258,1,1,0,0,0,0,1,8260000
nn_kernel_gpu_mem,19101,1,1,66080000,33040000,33040000,66080000,1,8260000
nn_kernel_cpu,67281,0,1,0,0,0,0,1,8260000
nn_kernel_gpu,258,1,1,0,0,0,0,1,8260000
nn_kernel_gpu_mem,19101,1,1,66080000,33040000,33040000,66080000,1,8260000
nn_kernel_cpu,67819,0,1,0,0,0,0,1,8270000
nn_kernel_gpu,241,1,1,0,0,0,0,1,8270000
nn_kernel_gpu_mem,19106,1,1,66160000,33080000,33080000,66160000,1,8270000
nn_kernel_cpu,67819,0,1,0,0,0,0,1,8270000
nn_kernel_gpu,241,1,1,0,0,0,0,1,8270000
nn_kernel_gpu_mem,19106,1,1,66160000,33080000,33080000,66160000,1,8270000
nn_kernel_cpu,67741,0,1,0,0,0,0,1,8280000
nn_kernel_gpu,240,1,1,0,0,0,0,1,8280000
nn_kernel_gpu_mem,19218,1,1,66240000,33120000,33120000,66240000,1,8280000
nn_kernel_cpu,68087,0,1,0,0,0,0,1,8290000
nn_kernel_gpu,258,1,1,0,0,0,0,1,8290000
nn_kernel_gpu_mem,19314,1,1,66320000,33160000,33160000,66320000,1,8290000
nn_kernel_cpu,68087,0,1,0,0,0,0,1,8290000
nn_kernel_gpu,258,1,1,0,0,0,0,1,8290000
nn_kernel_gpu_mem,19314,1,1,66320000,33160000,33160000,66320000,1,8290000
nn_kernel_cpu,72128,0,1,0,0,0,0,1,8300000
nn_kernel_gpu,260,1,1,0,0,0,0,1,8300000
nn_kernel_gpu_mem,19359,1,1,66400000,33200000,33200000,66400000,1,8300000
nn_kernel_cpu,67925,0,1,0,0,0,0,1,8310000
nn_kernel_gpu,271,1,1,0,0,0,0,1,8310000
nn_kernel_gpu_mem,19614,1,1,66480000,33240000,33240000,66480000,1,8310000
nn_kernel_cpu,67925,0,1,0,0,0,0,1,8310000
nn_kernel_gpu,271,1,1,0,0,0,0,1,8310000
nn_kernel_gpu_mem,19614,1,1,66480000,33240000,33240000,66480000,1,8310000
nn_kernel_cpu,67398,0,1,0,0,0,0,1,8320000
nn_kernel_gpu,257,1,1,0,0,0,0,1,8320000
nn_kernel_gpu_mem,19187,1,1,66560000,33280000,33280000,66560000,1,8320000
nn_kernel_cpu,67398,0,1,0,0,0,0,1,8320000
nn_kernel_gpu,257,1,1,0,0,0,0,1,8320000
nn_kernel_gpu_mem,19187,1,1,66560000,33280000,33280000,66560000,1,8320000
nn_kernel_cpu,67398,0,1,0,0,0,0,1,8320000
nn_kernel_gpu,257,1,1,0,0,0,0,1,8320000
nn_kernel_gpu_mem,19187,1,1,66560000,33280000,33280000,66560000,1,8320000
nn_kernel_cpu,67977,0,1,0,0,0,0,1,8330000
nn_kernel_gpu,240,1,1,0,0,0,0,1,8330000
nn_kernel_gpu_mem,19382,1,1,66640000,33320000,33320000,66640000,1,8330000
nn_kernel_cpu,67977,0,1,0,0,0,0,1,8330000
nn_kernel_gpu,240,1,1,0,0,0,0,1,8330000
nn_kernel_gpu_mem,19382,1,1,66640000,33320000,33320000,66640000,1,8330000
nn_kernel_cpu,67977,0,1,0,0,0,0,1,8330000
nn_kernel_gpu,240,1,1,0,0,0,0,1,8330000
nn_kernel_gpu_mem,19382,1,1,66640000,33320000,33320000,66640000,1,8330000
nn_kernel_cpu,67869,0,1,0,0,0,0,1,8340000
nn_kernel_gpu,256,1,1,0,0,0,0,1,8340000
nn_kernel_gpu_mem,19382,1,1,66720000,33360000,33360000,66720000,1,8340000
nn_kernel_cpu,67869,0,1,0,0,0,0,1,8340000
nn_kernel_gpu,256,1,1,0,0,0,0,1,8340000
nn_kernel_gpu_mem,19382,1,1,66720000,33360000,33360000,66720000,1,8340000
nn_kernel_cpu,67279,0,1,0,0,0,0,1,8350000
nn_kernel_gpu,258,1,1,0,0,0,0,1,8350000
nn_kernel_gpu_mem,19546,1,1,66800000,33400000,33400000,66800000,1,8350000
nn_kernel_cpu,67433,0,1,0,0,0,0,1,8360000
nn_kernel_gpu,265,1,1,0,0,0,0,1,8360000
nn_kernel_gpu_mem,19602,1,1,66880000,33440000,33440000,66880000,1,8360000
nn_kernel_cpu,67433,0,1,0,0,0,0,1,8360000
nn_kernel_gpu,265,1,1,0,0,0,0,1,8360000
nn_kernel_gpu_mem,19602,1,1,66880000,33440000,33440000,66880000,1,8360000
nn_kernel_cpu,66932,0,1,0,0,0,0,1,840000
nn_kernel_gpu,134,1,1,0,0,0,0,1,840000
nn_kernel_gpu_mem,2857,1,1,6720000,3360000,3360000,6720000,1,840000
nn_kernel_cpu,66932,0,1,0,0,0,0,1,840000
nn_kernel_gpu,134,1,1,0,0,0,0,1,840000
nn_kernel_gpu_mem,2857,1,1,6720000,3360000,3360000,6720000,1,840000
nn_kernel_cpu,67408,0,1,0,0,0,0,1,8370000
nn_kernel_gpu,261,1,1,0,0,0,0,1,8370000
nn_kernel_gpu_mem,19394,1,1,66960000,33480000,33480000,66960000,1,8370000
nn_kernel_cpu,67408,0,1,0,0,0,0,1,8370000
nn_kernel_gpu,261,1,1,0,0,0,0,1,8370000
nn_kernel_gpu_mem,19394,1,1,66960000,33480000,33480000,66960000,1,8370000
nn_kernel_cpu,67408,0,1,0,0,0,0,1,8370000
nn_kernel_gpu,261,1,1,0,0,0,0,1,8370000
nn_kernel_gpu_mem,19394,1,1,66960000,33480000,33480000,66960000,1,8370000
nn_kernel_cpu,67818,0,1,0,0,0,0,1,8380000
nn_kernel_gpu,246,1,1,0,0,0,0,1,8380000
nn_kernel_gpu_mem,19370,1,1,67040000,33520000,33520000,67040000,1,8380000
nn_kernel_cpu,67818,0,1,0,0,0,0,1,8380000
nn_kernel_gpu,246,1,1,0,0,0,0,1,8380000
nn_kernel_gpu_mem,19370,1,1,67040000,33520000,33520000,67040000,1,8380000
nn_kernel_cpu,67832,0,1,0,0,0,0,1,8390000
nn_kernel_gpu,245,1,1,0,0,0,0,1,8390000
nn_kernel_gpu_mem,19658,1,1,67120000,33560000,33560000,67120000,1,8390000
nn_kernel_cpu,67993,0,1,0,0,0,0,1,8400000
nn_kernel_gpu,260,1,1,0,0,0,0,1,8400000
nn_kernel_gpu_mem,19769,1,1,67200000,33600000,33600000,67200000,1,8400000
nn_kernel_cpu,67993,0,1,0,0,0,0,1,8400000
nn_kernel_gpu,260,1,1,0,0,0,0,1,8400000
nn_kernel_gpu_mem,19769,1,1,67200000,33600000,33600000,67200000,1,8400000
nn_kernel_cpu,67993,0,1,0,0,0,0,1,8400000
nn_kernel_gpu,260,1,1,0,0,0,0,1,8400000
nn_kernel_gpu_mem,19769,1,1,67200000,33600000,33600000,67200000,1,8400000
nn_kernel_cpu,67454,0,1,0,0,0,0,1,8410000
nn_kernel_gpu,261,1,1,0,0,0,0,1,8410000
nn_kernel_gpu_mem,19659,1,1,67280000,33640000,33640000,67280000,1,8410000
nn_kernel_cpu,67454,0,1,0,0,0,0,1,8410000
nn_kernel_gpu,261,1,1,0,0,0,0,1,8410000
nn_kernel_gpu_mem,19659,1,1,67280000,33640000,33640000,67280000,1,8410000
nn_kernel_cpu,71343,0,1,0,0,0,0,1,8420000
nn_kernel_gpu,258,1,1,0,0,0,0,1,8420000
nn_kernel_gpu_mem,19543,1,1,67360000,33680000,33680000,67360000,1,8420000
nn_kernel_cpu,71343,0,1,0,0,0,0,1,8420000
nn_kernel_gpu,258,1,1,0,0,0,0,1,8420000
nn_kernel_gpu_mem,19543,1,1,67360000,33680000,33680000,67360000,1,8420000
nn_kernel_cpu,67898,0,1,0,0,0,0,1,8430000
nn_kernel_gpu,282,1,1,0,0,0,0,1,8430000
nn_kernel_gpu_mem,19554,1,1,67440000,33720000,33720000,67440000,1,8430000
nn_kernel_cpu,67917,0,1,0,0,0,0,1,8440000
nn_kernel_gpu,244,1,1,0,0,0,0,1,8440000
nn_kernel_gpu_mem,19716,1,1,67520000,33760000,33760000,67520000,1,8440000
nn_kernel_cpu,67917,0,1,0,0,0,0,1,8440000
nn_kernel_gpu,244,1,1,0,0,0,0,1,8440000
nn_kernel_gpu_mem,19716,1,1,67520000,33760000,33760000,67520000,1,8440000
nn_kernel_cpu,67792,0,1,0,0,0,0,1,8450000
nn_kernel_gpu,261,1,1,0,0,0,0,1,8450000
nn_kernel_gpu_mem,19871,1,1,67600000,33800000,33800000,67600000,1,8450000
nn_kernel_cpu,68187,0,1,0,0,0,0,1,8420000
nn_kernel_gpu,278,1,1,0,0,0,0,1,8420000
nn_kernel_gpu_mem,18167,1,1,67360000,33680000,33680000,67360000,1,8420000
nn_kernel_cpu,67792,0,1,0,0,0,0,1,8450000
nn_kernel_gpu,261,1,1,0,0,0,0,1,8450000
nn_kernel_gpu_mem,19871,1,1,67600000,33800000,33800000,67600000,1,8450000
nn_kernel_cpu,67792,0,1,0,0,0,0,1,8450000
nn_kernel_gpu,261,1,1,0,0,0,0,1,8450000
nn_kernel_gpu_mem,19871,1,1,67600000,33800000,33800000,67600000,1,8450000
nn_kernel_cpu,67334,0,1,0,0,0,0,1,8460000
nn_kernel_gpu,262,1,1,0,0,0,0,1,8460000
nn_kernel_gpu_mem,19863,1,1,67680000,33840000,33840000,67680000,1,8460000
nn_kernel_cpu,67334,0,1,0,0,0,0,1,8460000
nn_kernel_gpu,262,1,1,0,0,0,0,1,8460000
nn_kernel_gpu_mem,19863,1,1,67680000,33840000,33840000,67680000,1,8460000
nn_kernel_cpu,67788,0,1,0,0,0,0,1,8470000
nn_kernel_gpu,313,1,1,0,0,0,0,1,8470000
nn_kernel_gpu_mem,19742,1,1,67760000,33880000,33880000,67760000,1,8470000
nn_kernel_cpu,67788,0,1,0,0,0,0,1,8470000
nn_kernel_gpu,313,1,1,0,0,0,0,1,8470000
nn_kernel_gpu_mem,19742,1,1,67760000,33880000,33880000,67760000,1,8470000
nn_kernel_cpu,67642,0,1,0,0,0,0,1,8480000
nn_kernel_gpu,253,1,1,0,0,0,0,1,8480000
nn_kernel_gpu_mem,19886,1,1,67840000,33920000,33920000,67840000,1,8480000
nn_kernel_cpu,67642,0,1,0,0,0,0,1,8480000
nn_kernel_gpu,253,1,1,0,0,0,0,1,8480000
nn_kernel_gpu_mem,19886,1,1,67840000,33920000,33920000,67840000,1,8480000
nn_kernel_cpu,67642,0,1,0,0,0,0,1,8480000
nn_kernel_gpu,253,1,1,0,0,0,0,1,8480000
nn_kernel_gpu_mem,19886,1,1,67840000,33920000,33920000,67840000,1,8480000
nn_kernel_cpu,67720,0,1,0,0,0,0,1,850000
nn_kernel_gpu,132,1,1,0,0,0,0,1,850000
nn_kernel_gpu_mem,2874,1,1,6800000,3400000,3400000,6800000,1,850000
nn_kernel_cpu,67509,0,1,0,0,0,0,1,8490000
nn_kernel_gpu,263,1,1,0,0,0,0,1,8490000
nn_kernel_gpu_mem,19951,1,1,67920000,33960000,33960000,67920000,1,8490000
nn_kernel_cpu,67509,0,1,0,0,0,0,1,8490000
nn_kernel_gpu,263,1,1,0,0,0,0,1,8490000
nn_kernel_gpu_mem,19951,1,1,67920000,33960000,33960000,67920000,1,8490000
nn_kernel_cpu,67509,0,1,0,0,0,0,1,8490000
nn_kernel_gpu,263,1,1,0,0,0,0,1,8490000
nn_kernel_gpu_mem,19951,1,1,67920000,33960000,33960000,67920000,1,8490000
nn_kernel_cpu,67509,0,1,0,0,0,0,1,8490000
nn_kernel_gpu,263,1,1,0,0,0,0,1,8490000
nn_kernel_gpu_mem,19951,1,1,67920000,33960000,33960000,67920000,1,8490000
nn_kernel_cpu,67863,0,1,0,0,0,0,1,8500000
nn_kernel_gpu,260,1,1,0,0,0,0,1,8500000
nn_kernel_gpu_mem,20039,1,1,68000000,34000000,34000000,68000000,1,8500000
nn_kernel_cpu,67863,0,1,0,0,0,0,1,8500000
nn_kernel_gpu,260,1,1,0,0,0,0,1,8500000
nn_kernel_gpu_mem,20039,1,1,68000000,34000000,34000000,68000000,1,8500000
nn_kernel_cpu,70960,0,1,0,0,0,0,1,8510000
nn_kernel_gpu,261,1,1,0,0,0,0,1,8510000
nn_kernel_gpu_mem,19784,1,1,68080000,34040000,34040000,68080000,1,8510000
nn_kernel_cpu,68304,0,1,0,0,0,0,1,8520000
nn_kernel_gpu,241,1,1,0,0,0,0,1,8520000
nn_kernel_gpu_mem,19544,1,1,68160000,34080000,34080000,68160000,1,8520000
nn_kernel_cpu,68304,0,1,0,0,0,0,1,8520000
nn_kernel_gpu,241,1,1,0,0,0,0,1,8520000
nn_kernel_gpu_mem,19544,1,1,68160000,34080000,34080000,68160000,1,8520000
nn_kernel_cpu,68304,0,1,0,0,0,0,1,8520000
nn_kernel_gpu,241,1,1,0,0,0,0,1,8520000
nn_kernel_gpu_mem,19544,1,1,68160000,34080000,34080000,68160000,1,8520000
nn_kernel_cpu,67259,0,1,0,0,0,0,1,8530000
nn_kernel_gpu,259,1,1,0,0,0,0,1,8530000
nn_kernel_gpu_mem,19867,1,1,68240000,34120000,34120000,68240000,1,8530000
nn_kernel_cpu,67989,0,1,0,0,0,0,1,8540000
nn_kernel_gpu,279,1,1,0,0,0,0,1,8540000
nn_kernel_gpu_mem,19749,1,1,68320000,34160000,34160000,68320000,1,8540000
nn_kernel_cpu,67989,0,1,0,0,0,0,1,8540000
nn_kernel_gpu,279,1,1,0,0,0,0,1,8540000
nn_kernel_gpu_mem,19749,1,1,68320000,34160000,34160000,68320000,1,8540000
nn_kernel_cpu,67989,0,1,0,0,0,0,1,8540000
nn_kernel_gpu,279,1,1,0,0,0,0,1,8540000
nn_kernel_gpu_mem,19749,1,1,68320000,34160000,34160000,68320000,1,8540000
nn_kernel_cpu,67989,0,1,0,0,0,0,1,8540000
nn_kernel_gpu,279,1,1,0,0,0,0,1,8540000
nn_kernel_gpu_mem,19749,1,1,68320000,34160000,34160000,68320000,1,8540000
nn_kernel_cpu,69212,0,1,0,0,0,0,1,8550000
nn_kernel_gpu,265,1,1,0,0,0,0,1,8550000
nn_kernel_gpu_mem,19818,1,1,68400000,34200000,34200000,68400000,1,8550000
nn_kernel_cpu,69212,0,1,0,0,0,0,1,8550000
nn_kernel_gpu,265,1,1,0,0,0,0,1,8550000
nn_kernel_gpu_mem,19818,1,1,68400000,34200000,34200000,68400000,1,8550000
nn_kernel_cpu,68036,0,1,0,0,0,0,1,8560000
nn_kernel_gpu,261,1,1,0,0,0,0,1,8560000
nn_kernel_gpu_mem,18915,1,1,68480000,34240000,34240000,68480000,1,8560000
nn_kernel_cpu,68339,0,1,0,0,0,0,1,8570000
nn_kernel_gpu,245,1,1,0,0,0,0,1,8570000
nn_kernel_gpu_mem,18375,1,1,68560000,34280000,34280000,68560000,1,8570000
nn_kernel_cpu,68339,0,1,0,0,0,0,1,8570000
nn_kernel_gpu,245,1,1,0,0,0,0,1,8570000
nn_kernel_gpu_mem,18375,1,1,68560000,34280000,34280000,68560000,1,8570000
nn_kernel_cpu,68339,0,1,0,0,0,0,1,8570000
nn_kernel_gpu,245,1,1,0,0,0,0,1,8570000
nn_kernel_gpu_mem,18375,1,1,68560000,34280000,34280000,68560000,1,8570000
nn_kernel_cpu,67253,0,1,0,0,0,0,1,860000
nn_kernel_gpu,134,1,1,0,0,0,0,1,860000
nn_kernel_gpu_mem,2877,1,1,6880000,3440000,3440000,6880000,1,860000
nn_kernel_cpu,68501,0,1,0,0,0,0,1,8580000
nn_kernel_gpu,263,1,1,0,0,0,0,1,8580000
nn_kernel_gpu_mem,16477,1,1,68640000,34320000,34320000,68640000,1,8580000
nn_kernel_cpu,67751,0,1,0,0,0,0,1,8590000
nn_kernel_gpu,280,1,1,0,0,0,0,1,8590000
nn_kernel_gpu_mem,16542,1,1,68720000,34360000,34360000,68720000,1,8590000
nn_kernel_cpu,67751,0,1,0,0,0,0,1,8590000
nn_kernel_gpu,280,1,1,0,0,0,0,1,8590000
nn_kernel_gpu_mem,16542,1,1,68720000,34360000,34360000,68720000,1,8590000
nn_kernel_cpu,67751,0,1,0,0,0,0,1,8590000
nn_kernel_gpu,280,1,1,0,0,0,0,1,8590000
nn_kernel_gpu_mem,16542,1,1,68720000,34360000,34360000,68720000,1,8590000
nn_kernel_cpu,67751,0,1,0,0,0,0,1,8590000
nn_kernel_gpu,280,1,1,0,0,0,0,1,8590000
nn_kernel_gpu_mem,16542,1,1,68720000,34360000,34360000,68720000,1,8590000
nn_kernel_cpu,67804,0,1,0,0,0,0,1,8600000
nn_kernel_gpu,263,1,1,0,0,0,0,1,8600000
nn_kernel_gpu_mem,20162,1,1,68800000,34400000,34400000,68800000,1,8600000
nn_kernel_cpu,41469,0,1,0,0,0,0,1,8610000
nn_kernel_gpu,261,1,1,0,0,0,0,1,8610000
nn_kernel_gpu_mem,19987,1,1,68880000,34440000,34440000,68880000,1,8610000
nn_kernel_cpu,67639,0,1,0,0,0,0,1,8620000
nn_kernel_gpu,244,1,1,0,0,0,0,1,8620000
nn_kernel_gpu_mem,16553,1,1,68960000,34480000,34480000,68960000,1,8620000

nn_kernel_cpu,67639,0,1,0,0,0,0,1,8620000
nn_kernel_gpu,244,1,1,0,0,0,0,1,8620000
nn_kernel_gpu_mem,16553,1,1,68960000,34480000,34480000,68960000,1,8620000

nn_kernel_cpu,67639,0,1,0,0,0,0,1,8620000
nn_kernel_gpu,244,1,1,0,0,0,0,1,8620000
nn_kernel_gpu_mem,16553,1,1,68960000,34480000,34480000,68960000,1,8620000

nn_kernel_cpu,67725,0,1,0,0,0,0,1,8630000
nn_kernel_gpu,263,1,1,0,0,0,0,1,8630000
nn_kernel_gpu_mem,16703,1,1,69040000,34520000,34520000,69040000,1,8630000
nn_kernel_cpu,68126,0,1,0,0,0,0,1,8640000
nn_kernel_gpu,263,1,1,0,0,0,0,1,8640000
nn_kernel_gpu_mem,16559,1,1,69120000,34560000,34560000,69120000,1,8640000
nn_kernel_cpu,67471,0,1,0,0,0,0,1,8650000
nn_kernel_gpu,281,1,1,0,0,0,0,1,8650000
nn_kernel_gpu_mem,16728,1,1,69200000,34600000,34600000,69200000,1,8650000
nn_kernel_cpu,67471,0,1,0,0,0,0,1,8650000
nn_kernel_gpu,281,1,1,0,0,0,0,1,8650000
nn_kernel_gpu_mem,16728,1,1,69200000,34600000,34600000,69200000,1,8650000
nn_kernel_cpu,67471,0,1,0,0,0,0,1,8650000
nn_kernel_gpu,281,1,1,0,0,0,0,1,8650000
nn_kernel_gpu_mem,16728,1,1,69200000,34600000,34600000,69200000,1,8650000
nn_kernel_cpu,67471,0,1,0,0,0,0,1,8650000
nn_kernel_gpu,281,1,1,0,0,0,0,1,8650000
nn_kernel_gpu_mem,16728,1,1,69200000,34600000,34600000,69200000,1,8650000
nn_kernel_cpu,66785,0,1,0,0,0,0,1,870000
nn_kernel_gpu,145,1,1,0,0,0,0,1,870000
nn_kernel_gpu_mem,2869,1,1,6960000,3480000,3480000,6960000,1,870000
nn_kernel_cpu,66785,0,1,0,0,0,0,1,870000
nn_kernel_gpu,145,1,1,0,0,0,0,1,870000
nn_kernel_gpu_mem,2869,1,1,6960000,3480000,3480000,6960000,1,870000
nn_kernel_cpu,66785,0,1,0,0,0,0,1,870000
nn_kernel_gpu,145,1,1,0,0,0,0,1,870000
nn_kernel_gpu_mem,2869,1,1,6960000,3480000,3480000,6960000,1,870000
nn_kernel_cpu,66785,0,1,0,0,0,0,1,870000
nn_kernel_gpu,145,1,1,0,0,0,0,1,870000
nn_kernel_gpu_mem,2869,1,1,6960000,3480000,3480000,6960000,1,870000
nn_kernel_cpu,67954,0,1,0,0,0,0,1,8660000
nn_kernel_gpu,265,1,1,0,0,0,0,1,8660000
nn_kernel_gpu_mem,16603,1,1,69280000,34640000,34640000,69280000,1,8660000
nn_kernel_cpu,76243,0,1,0,0,0,0,1,8670000
nn_kernel_gpu,266,1,1,0,0,0,0,1,8670000
nn_kernel_gpu_mem,16549,1,1,69360000,34680000,34680000,69360000,1,8670000
nn_kernel_cpu,69199,0,1,0,0,0,0,1,8680000
nn_kernel_gpu,244,1,1,0,0,0,0,1,8680000
nn_kernel_gpu_mem,16724,1,1,69440000,34720000,34720000,69440000,1,8680000
nn_kernel_cpu,69199,0,1,0,0,0,0,1,8680000
nn_kernel_gpu,244,1,1,0,0,0,0,1,8680000
nn_kernel_gpu_mem,16724,1,1,69440000,34720000,34720000,69440000,1,8680000
nn_kernel_cpu,67737,0,1,0,0,0,0,1,8690000
nn_kernel_gpu,266,1,1,0,0,0,0,1,8690000
nn_kernel_gpu_mem,16867,1,1,69520000,34760000,34760000,69520000,1,8690000
nn_kernel_cpu,68112,0,1,0,0,0,0,1,8700000
nn_kernel_gpu,261,1,1,0,0,0,0,1,8700000
nn_kernel_gpu_mem,16672,1,1,69600000,34800000,34800000,69600000,1,8700000
nn_kernel_cpu,68025,0,1,0,0,0,0,1,8670000
nn_kernel_gpu,287,1,1,0,0,0,0,1,8670000
nn_kernel_gpu_mem,21654,1,1,69360000,34680000,34680000,69360000,1,8670000
nn_kernel_cpu,68773,0,1,0,0,0,0,1,8710000
nn_kernel_gpu,283,1,1,0,0,0,0,1,8710000
nn_kernel_gpu_mem,16774,1,1,69680000,34840000,34840000,69680000,1,8710000
nn_kernel_cpu,68773,0,1,0,0,0,0,1,8710000
nn_kernel_gpu,283,1,1,0,0,0,0,1,8710000
nn_kernel_gpu_mem,16774,1,1,69680000,34840000,34840000,69680000,1,8710000
nn_kernel_cpu,68773,0,1,0,0,0,0,1,8710000
nn_kernel_gpu,283,1,1,0,0,0,0,1,8710000
nn_kernel_gpu_mem,16774,1,1,69680000,34840000,34840000,69680000,1,8710000
nn_kernel_cpu,68773,0,1,0,0,0,0,1,8710000
nn_kernel_gpu,283,1,1,0,0,0,0,1,8710000
nn_kernel_gpu_mem,16774,1,1,69680000,34840000,34840000,69680000,1,8710000
nn_kernel_cpu,67841,0,1,0,0,0,0,1,8720000
nn_kernel_gpu,267,1,1,0,0,0,0,1,8720000
nn_kernel_gpu_mem,16706,1,1,69760000,34880000,34880000,69760000,1,8720000
nn_kernel_cpu,70319,0,1,0,0,0,0,1,8730000
nn_kernel_gpu,248,1,1,0,0,0,0,1,8730000
nn_kernel_gpu_mem,16698,1,1,69840000,34920000,34920000,69840000,1,8730000
nn_kernel_cpu,70319,0,1,0,0,0,0,1,8730000
nn_kernel_gpu,248,1,1,0,0,0,0,1,8730000
nn_kernel_gpu_mem,16698,1,1,69840000,34920000,34920000,69840000,1,8730000
nn_kernel_cpu,67734,0,1,0,0,0,0,1,8740000
nn_kernel_gpu,249,1,1,0,0,0,0,1,8740000
nn_kernel_gpu_mem,17076,1,1,69920000,34960000,34960000,69920000,1,8740000
nn_kernel_cpu,68476,0,1,0,0,0,0,1,8750000
nn_kernel_gpu,265,1,1,0,0,0,0,1,8750000
nn_kernel_gpu_mem,16976,1,1,70000000,35000000,35000000,70000000,1,8750000
nn_kernel_cpu,70024,0,1,0,0,0,0,1,8760000
nn_kernel_gpu,264,1,1,0,0,0,0,1,8760000
nn_kernel_gpu_mem,16869,1,1,70080000,35040000,35040000,70080000,1,8760000
nn_kernel_cpu,67684,0,1,0,0,0,0,1,880000
nn_kernel_gpu,127,1,1,0,0,0,0,1,880000
nn_kernel_gpu_mem,2949,1,1,7040000,3520000,3520000,7040000,1,880000
nn_kernel_cpu,67684,0,1,0,0,0,0,1,880000
nn_kernel_gpu,127,1,1,0,0,0,0,1,880000
nn_kernel_gpu_mem,2949,1,1,7040000,3520000,3520000,7040000,1,880000
nn_kernel_cpu,67684,0,1,0,0,0,0,1,880000
nn_kernel_gpu,127,1,1,0,0,0,0,1,880000
nn_kernel_gpu_mem,2949,1,1,7040000,3520000,3520000,7040000,1,880000
nn_kernel_cpu,68107,0,1,0,0,0,0,1,8770000
nn_kernel_gpu,279,1,1,0,0,0,0,1,8770000
nn_kernel_gpu_mem,16751,1,1,70160000,35080000,35080000,70160000,1,8770000
nn_kernel_cpu,67608,0,1,0,0,0,0,1,8780000
nn_kernel_gpu,264,1,1,0,0,0,0,1,8780000
nn_kernel_gpu_mem,16878,1,1,70240000,35120000,35120000,70240000,1,8780000
nn_kernel_cpu,67608,0,1,0,0,0,0,1,8780000
nn_kernel_gpu,264,1,1,0,0,0,0,1,8780000
nn_kernel_gpu_mem,16878,1,1,70240000,35120000,35120000,70240000,1,8780000
nn_kernel_cpu,67608,0,1,0,0,0,0,1,8780000
nn_kernel_gpu,264,1,1,0,0,0,0,1,8780000
nn_kernel_gpu_mem,16878,1,1,70240000,35120000,35120000,70240000,1,8780000
nn_kernel_cpu,68495,0,1,0,0,0,0,1,8790000
nn_kernel_gpu,283,1,1,0,0,0,0,1,8790000
nn_kernel_gpu_mem,16940,1,1,70320000,35160000,35160000,70320000,1,8790000
nn_kernel_cpu,67683,0,1,0,0,0,0,1,8800000
nn_kernel_gpu,265,1,1,0,0,0,0,1,8800000
nn_kernel_gpu_mem,16896,1,1,70400000,35200000,35200000,70400000,1,8800000
nn_kernel_cpu,67822,0,1,0,0,0,0,1,8810000
nn_kernel_gpu,268,1,1,0,0,0,0,1,8810000
nn_kernel_gpu_mem,17025,1,1,70480000,35240000,35240000,70480000,1,8810000
nn_kernel_cpu,68069,0,1,0,0,0,0,1,8820000
nn_kernel_gpu,262,1,1,0,0,0,0,1,8820000
nn_kernel_gpu_mem,17022,1,1,70560000,35280000,35280000,70560000,1,8820000
nn_kernel_cpu,68008,0,1,0,0,0,0,1,8830000
nn_kernel_gpu,252,1,1,0,0,0,0,1,8830000
nn_kernel_gpu_mem,16838,1,1,70640000,35320000,35320000,70640000,1,8830000
nn_kernel_cpu,68008,0,1,0,0,0,0,1,8830000
nn_kernel_gpu,252,1,1,0,0,0,0,1,8830000
nn_kernel_gpu_mem,16838,1,1,70640000,35320000,35320000,70640000,1,8830000
nn_kernel_cpu,67505,0,1,0,0,0,0,1,8840000
nn_kernel_gpu,248,1,1,0,0,0,0,1,8840000
nn_kernel_gpu_mem,17132,1,1,70720000,35360000,35360000,70720000,1,8840000
nn_kernel_cpu,67718,0,1,0,0,0,0,1,8860000
nn_kernel_gpu,284,1,1,0,0,0,0,1,8860000
nn_kernel_gpu_mem,17096,1,1,70880000,35440000,35440000,70880000,1,8860000
nn_kernel_cpu,67718,0,1,0,0,0,0,1,8860000
nn_kernel_gpu,284,1,1,0,0,0,0,1,8860000
nn_kernel_gpu_mem,17096,1,1,70880000,35440000,35440000,70880000,1,8860000
nn_kernel_cpu,67718,0,1,0,0,0,0,1,8860000
nn_kernel_gpu,284,1,1,0,0,0,0,1,8860000
nn_kernel_gpu_mem,17096,1,1,70880000,35440000,35440000,70880000,1,8860000
nn_kernel_cpu,67718,0,1,0,0,0,0,1,8860000
nn_kernel_gpu,284,1,1,0,0,0,0,1,8860000
nn_kernel_gpu_mem,17096,1,1,70880000,35440000,35440000,70880000,1,8860000
nn_kernel_cpu,67876,0,1,0,0,0,0,1,8850000
nn_kernel_gpu,281,1,1,0,0,0,0,1,8850000
nn_kernel_gpu_mem,19066,1,1,70800000,35400000,35400000,70800000,1,8850000
nn_kernel_cpu,67581,0,1,0,0,0,0,1,890000
nn_kernel_gpu,145,1,1,0,0,0,0,1,890000
nn_kernel_gpu_mem,2877,1,1,7120000,3560000,3560000,7120000,1,890000
nn_kernel_cpu,67581,0,1,0,0,0,0,1,890000
nn_kernel_gpu,145,1,1,0,0,0,0,1,890000
nn_kernel_gpu_mem,2877,1,1,7120000,3560000,3560000,7120000,1,890000
nn_kernel_cpu,67581,0,1,0,0,0,0,1,890000
nn_kernel_gpu,145,1,1,0,0,0,0,1,890000
nn_kernel_gpu_mem,2877,1,1,7120000,3560000,3560000,7120000,1,890000
nn_kernel_cpu,67581,0,1,0,0,0,0,1,890000
nn_kernel_gpu,145,1,1,0,0,0,0,1,890000
nn_kernel_gpu_mem,2877,1,1,7120000,3560000,3560000,7120000,1,890000
nn_kernel_cpu,67701,0,1,0,0,0,0,1,8870000
nn_kernel_gpu,275,1,1,0,0,0,0,1,8870000
nn_kernel_gpu_mem,17059,1,1,70960000,35480000,35480000,70960000,1,8870000
nn_kernel_cpu,80326,0,1,0,0,0,0,1,8890000
nn_kernel_gpu,265,1,1,0,0,0,0,1,8890000
nn_kernel_gpu_mem,17143,1,1,71120000,35560000,35560000,71120000,1,8890000
nn_kernel_cpu,67913,0,1,0,0,0,0,1,8900000
nn_kernel_gpu,250,1,1,0,0,0,0,1,8900000
nn_kernel_gpu_mem,16994,1,1,71200000,35600000,35600000,71200000,1,8900000
nn_kernel_cpu,67913,0,1,0,0,0,0,1,8900000
nn_kernel_gpu,250,1,1,0,0,0,0,1,8900000
nn_kernel_gpu_mem,16994,1,1,71200000,35600000,35600000,71200000,1,8900000
nn_kernel_cpu,67742,0,1,0,0,0,0,1,8880000
nn_kernel_gpu,266,1,1,0,0,0,0,1,8880000
nn_kernel_gpu_mem,19013,1,1,71040000,35520000,35520000,71040000,1,8880000
nn_kernel_cpu,67676,0,1,0,0,0,0,1,8900000
nn_kernel_gpu,249,1,1,0,0,0,0,1,8900000
nn_kernel_gpu_mem,19308,1,1,71200000,35600000,35600000,71200000,1,8900000
nn_kernel_cpu,67827,0,1,0,0,0,0,1,8910000
nn_kernel_gpu,277,1,1,0,0,0,0,1,8910000
nn_kernel_gpu_mem,17244,1,1,71280000,35640000,35640000,71280000,1,8910000
nn_kernel_cpu,67827,0,1,0,0,0,0,1,8910000
nn_kernel_gpu,277,1,1,0,0,0,0,1,8910000
nn_kernel_gpu_mem,17244,1,1,71280000,35640000,35640000,71280000,1,8910000
nn_kernel_cpu,67827,0,1,0,0,0,0,1,8910000
nn_kernel_gpu,277,1,1,0,0,0,0,1,8910000
nn_kernel_gpu_mem,17244,1,1,71280000,35640000,35640000,71280000,1,8910000
nn_kernel_cpu,67827,0,1,0,0,0,0,1,8910000
nn_kernel_gpu,277,1,1,0,0,0,0,1,8910000
nn_kernel_gpu_mem,17244,1,1,71280000,35640000,35640000,71280000,1,8910000
nn_kernel_cpu,67827,0,1,0,0,0,0,1,8910000
nn_kernel_gpu,277,1,1,0,0,0,0,1,8910000
nn_kernel_gpu_mem,17244,1,1,71280000,35640000,35640000,71280000,1,8910000
nn_kernel_cpu,67926,0,1,0,0,0,0,1,8920000
nn_kernel_gpu,266,1,1,0,0,0,0,1,8920000
nn_kernel_gpu_mem,17252,1,1,71360000,35680000,35680000,71360000,1,8920000
nn_kernel_cpu,67674,0,1,0,0,0,0,1,8930000
nn_kernel_gpu,268,1,1,0,0,0,0,1,8930000
nn_kernel_gpu_mem,17418,1,1,71440000,35720000,35720000,71440000,1,8930000
nn_kernel_cpu,67736,0,1,0,0,0,0,1,8940000
nn_kernel_gpu,268,1,1,0,0,0,0,1,8940000
nn_kernel_gpu_mem,17250,1,1,71520000,35760000,35760000,71520000,1,8940000
nn_kernel_cpu,67736,0,1,0,0,0,0,1,8940000
nn_kernel_gpu,268,1,1,0,0,0,0,1,8940000
nn_kernel_gpu_mem,17250,1,1,71520000,35760000,35760000,71520000,1,8940000
nn_kernel_cpu,67387,0,1,0,0,0,0,1,8950000
nn_kernel_gpu,273,1,1,0,0,0,0,1,8950000
nn_kernel_gpu_mem,17539,1,1,71600000,35800000,35800000,71600000,1,8950000
nn_kernel_cpu,67623,0,1,0,0,0,0,1,900000
nn_kernel_gpu,134,1,1,0,0,0,0,1,900000
nn_kernel_gpu_mem,2895,1,1,7200000,3600000,3600000,7200000,1,900000
nn_kernel_cpu,71553,0,1,0,0,0,0,1,8960000
nn_kernel_gpu,252,1,1,0,0,0,0,1,8960000
nn_kernel_gpu_mem,17446,1,1,71680000,35840000,35840000,71680000,1,8960000
nn_kernel_cpu,73220,0,1,0,0,0,0,1,8970000
nn_kernel_gpu,270,1,1,0,0,0,0,1,8970000
nn_kernel_gpu_mem,17346,1,1,71760000,35880000,35880000,71760000,1,8970000
nn_kernel_cpu,73220,0,1,0,0,0,0,1,8970000
nn_kernel_gpu,270,1,1,0,0,0,0,1,8970000
nn_kernel_gpu_mem,17346,1,1,71760000,35880000,35880000,71760000,1,8970000
nn_kernel_cpu,73220,0,1,0,0,0,0,1,8970000
nn_kernel_gpu,270,1,1,0,0,0,0,1,8970000
nn_kernel_gpu_mem,17346,1,1,71760000,35880000,35880000,71760000,1,8970000
nn_kernel_cpu,73220,0,1,0,0,0,0,1,8970000
nn_kernel_gpu,270,1,1,0,0,0,0,1,8970000
nn_kernel_gpu_mem,17346,1,1,71760000,35880000,35880000,71760000,1,8970000
nn_kernel_cpu,73220,0,1,0,0,0,0,1,8970000
nn_kernel_gpu,270,1,1,0,0,0,0,1,8970000
nn_kernel_gpu_mem,17346,1,1,71760000,35880000,35880000,71760000,1,8970000
nn_kernel_cpu,66697,0,1,0,0,0,0,1,90000
nn_kernel_gpu,60,1,1,0,0,0,0,1,90000
nn_kernel_gpu_mem,817,1,1,720000,360000,360000,720000,1,90000
nn_kernel_cpu,66697,0,1,0,0,0,0,1,90000
nn_kernel_gpu,60,1,1,0,0,0,0,1,90000
nn_kernel_gpu_mem,817,1,1,720000,360000,360000,720000,1,90000
nn_kernel_cpu,68408,0,1,0,0,0,0,1,8980000
nn_kernel_gpu,267,1,1,0,0,0,0,1,8980000
nn_kernel_gpu_mem,17436,1,1,71840000,35920000,35920000,71840000,1,8980000
nn_kernel_cpu,67941,0,1,0,0,0,0,1,8990000
nn_kernel_gpu,265,1,1,0,0,0,0,1,8990000
nn_kernel_gpu_mem,17454,1,1,71920000,35960000,35960000,71920000,1,8990000
nn_kernel_cpu,43155,0,1,0,0,0,0,1,9000000
nn_kernel_gpu,252,1,1,0,0,0,0,1,9000000
nn_kernel_gpu_mem,17395,1,1,72000000,36000000,36000000,72000000,1,9000000
nn_kernel_cpu,43155,0,1,0,0,0,0,1,9000000
nn_kernel_gpu,252,1,1,0,0,0,0,1,9000000
nn_kernel_gpu_mem,17395,1,1,72000000,36000000,36000000,72000000,1,9000000
nn_kernel_cpu,68268,0,1,0,0,0,0,1,9010000
nn_kernel_gpu,270,1,1,0,0,0,0,1,9010000
nn_kernel_gpu_mem,17655,1,1,72080000,36040000,36040000,72080000,1,9010000
nn_kernel_cpu,68268,0,1,0,0,0,0,1,9010000
nn_kernel_gpu,270,1,1,0,0,0,0,1,9010000
nn_kernel_gpu_mem,17655,1,1,72080000,36040000,36040000,72080000,1,9010000
nn_kernel_cpu,68268,0,1,0,0,0,0,1,9010000
nn_kernel_gpu,270,1,1,0,0,0,0,1,9010000
nn_kernel_gpu_mem,17655,1,1,72080000,36040000,36040000,72080000,1,9010000
nn_kernel_cpu,68268,0,1,0,0,0,0,1,9010000
nn_kernel_gpu,270,1,1,0,0,0,0,1,9010000
nn_kernel_gpu_mem,17655,1,1,72080000,36040000,36040000,72080000,1,9010000
nn_kernel_cpu,68268,0,1,0,0,0,0,1,9010000
nn_kernel_gpu,270,1,1,0,0,0,0,1,9010000
nn_kernel_gpu_mem,17655,1,1,72080000,36040000,36040000,72080000,1,9010000
nn_kernel_cpu,68268,0,1,0,0,0,0,1,9010000
nn_kernel_gpu,270,1,1,0,0,0,0,1,9010000
nn_kernel_gpu_mem,17655,1,1,72080000,36040000,36040000,72080000,1,9010000
nn_kernel_cpu,68129,0,1,0,0,0,0,1,9020000
nn_kernel_gpu,250,1,1,0,0,0,0,1,9020000
nn_kernel_gpu_mem,17645,1,1,72160000,36080000,36080000,72160000,1,9020000
nn_kernel_cpu,67767,0,1,0,0,0,0,1,9030000
nn_kernel_gpu,268,1,1,0,0,0,0,1,9030000
nn_kernel_gpu_mem,17536,1,1,72240000,36120000,36120000,72240000,1,9030000
nn_kernel_cpu,70074,0,1,0,0,0,0,1,9040000
nn_kernel_gpu,266,1,1,0,0,0,0,1,9040000
nn_kernel_gpu_mem,17512,1,1,72320000,36160000,36160000,72320000,1,9040000
nn_kernel_cpu,71316,0,1,0,0,0,0,1,9050000
nn_kernel_gpu,266,1,1,0,0,0,0,1,9050000
nn_kernel_gpu_mem,17511,1,1,72400000,36200000,36200000,72400000,1,9050000
nn_kernel_cpu,71316,0,1,0,0,0,0,1,9050000
nn_kernel_gpu,266,1,1,0,0,0,0,1,9050000
nn_kernel_gpu_mem,17511,1,1,72400000,36200000,36200000,72400000,1,9050000
nn_kernel_cpu,71960,0,1,0,0,0,0,1,9060000
nn_kernel_gpu,271,1,1,0,0,0,0,1,9060000
nn_kernel_gpu_mem,17760,1,1,72480000,36240000,36240000,72480000,1,9060000
nn_kernel_cpu,71960,0,1,0,0,0,0,1,9060000
nn_kernel_gpu,271,1,1,0,0,0,0,1,9060000
nn_kernel_gpu_mem,17760,1,1,72480000,36240000,36240000,72480000,1,9060000
nn_kernel_cpu,71960,0,1,0,0,0,0,1,9060000
nn_kernel_gpu,271,1,1,0,0,0,0,1,9060000
nn_kernel_gpu_mem,17760,1,1,72480000,36240000,36240000,72480000,1,9060000
nn_kernel_cpu,71960,0,1,0,0,0,0,1,9060000
nn_kernel_gpu,271,1,1,0,0,0,0,1,9060000
nn_kernel_gpu_mem,17760,1,1,72480000,36240000,36240000,72480000,1,9060000
nn_kernel_cpu,71960,0,1,0,0,0,0,1,9060000
nn_kernel_gpu,271,1,1,0,0,0,0,1,9060000
nn_kernel_gpu_mem,17760,1,1,72480000,36240000,36240000,72480000,1,9060000
nn_kernel_cpu,71960,0,1,0,0,0,0,1,9060000
nn_kernel_gpu,271,1,1,0,0,0,0,1,9060000
nn_kernel_gpu_mem,17760,1,1,72480000,36240000,36240000,72480000,1,9060000
nn_kernel_cpu,68526,0,1,0,0,0,0,1,9070000
nn_kernel_gpu,251,1,1,0,0,0,0,1,9070000
nn_kernel_gpu_mem,17730,1,1,72560000,36280000,36280000,72560000,1,9070000
nn_kernel_cpu,68118,0,1,0,0,0,0,1,9080000
nn_kernel_gpu,268,1,1,0,0,0,0,1,9080000
nn_kernel_gpu_mem,17544,1,1,72640000,36320000,36320000,72640000,1,9080000
nn_kernel_cpu,67047,0,1,0,0,0,0,1,910000
nn_kernel_gpu,123,1,1,0,0,0,0,1,910000
nn_kernel_gpu_mem,2973,1,1,7280000,3640000,3640000,7280000,1,910000
nn_kernel_cpu,67047,0,1,0,0,0,0,1,910000
nn_kernel_gpu,123,1,1,0,0,0,0,1,910000
nn_kernel_gpu_mem,2973,1,1,7280000,3640000,3640000,7280000,1,910000
nn_kernel_cpu,67047,0,1,0,0,0,0,1,910000
nn_kernel_gpu,123,1,1,0,0,0,0,1,910000
nn_kernel_gpu_mem,2973,1,1,7280000,3640000,3640000,7280000,1,910000
nn_kernel_cpu,67047,0,1,0,0,0,0,1,910000
nn_kernel_gpu,123,1,1,0,0,0,0,1,910000
nn_kernel_gpu_mem,2973,1,1,7280000,3640000,3640000,7280000,1,910000
nn_kernel_cpu,67047,0,1,0,0,0,0,1,910000
nn_kernel_gpu,123,1,1,0,0,0,0,1,910000
nn_kernel_gpu_mem,2973,1,1,7280000,3640000,3640000,7280000,1,910000
nn_kernel_cpu,67047,0,1,0,0,0,0,1,910000
nn_kernel_gpu,123,1,1,0,0,0,0,1,910000
nn_kernel_gpu_mem,2973,1,1,7280000,3640000,3640000,7280000,1,910000
nn_kernel_cpu,67047,0,1,0,0,0,0,1,910000
nn_kernel_gpu,123,1,1,0,0,0,0,1,910000
nn_kernel_gpu_mem,2973,1,1,7280000,3640000,3640000,7280000,1,910000
nn_kernel_cpu,67761,0,1,0,0,0,0,1,9090000
nn_kernel_gpu,269,1,1,0,0,0,0,1,9090000
nn_kernel_gpu_mem,17728,1,1,72720000,36360000,36360000,72720000,1,9090000
nn_kernel_cpu,40696,0,1,0,0,0,0,1,9100000
nn_kernel_gpu,246,1,1,0,0,0,0,1,9100000
nn_kernel_gpu_mem,17624,1,1,72800000,36400000,36400000,72800000,1,9100000
nn_kernel_cpu,40696,0,1,0,0,0,0,1,9100000
nn_kernel_gpu,246,1,1,0,0,0,0,1,9100000
nn_kernel_gpu_mem,17624,1,1,72800000,36400000,36400000,72800000,1,9100000
nn_kernel_cpu,67995,0,1,0,0,0,0,1,9110000
nn_kernel_gpu,268,1,1,0,0,0,0,1,9110000
nn_kernel_gpu_mem,17735,1,1,72880000,36440000,36440000,72880000,1,9110000
nn_kernel_cpu,67672,0,1,0,0,0,0,1,9120000
nn_kernel_gpu,252,1,1,0,0,0,0,1,9120000
nn_kernel_gpu_mem,17729,1,1,72960000,36480000,36480000,72960000,1,9120000
nn_kernel_cpu,67672,0,1,0,0,0,0,1,9120000
nn_kernel_gpu,252,1,1,0,0,0,0,1,9120000
nn_kernel_gpu_mem,17729,1,1,72960000,36480000,36480000,72960000,1,9120000
nn_kernel_cpu,67672,0,1,0,0,0,0,1,9120000
nn_kernel_gpu,252,1,1,0,0,0,0,1,9120000
nn_kernel_gpu_mem,17729,1,1,72960000,36480000,36480000,72960000,1,9120000
nn_kernel_cpu,67672,0,1,0,0,0,0,1,9120000
nn_kernel_gpu,252,1,1,0,0,0,0,1,9120000
nn_kernel_gpu_mem,17729,1,1,72960000,36480000,36480000,72960000,1,9120000
nn_kernel_cpu,67672,0,1,0,0,0,0,1,9120000
nn_kernel_gpu,252,1,1,0,0,0,0,1,9120000
nn_kernel_gpu_mem,17729,1,1,72960000,36480000,36480000,72960000,1,9120000
nn_kernel_cpu,67672,0,1,0,0,0,0,1,9120000
nn_kernel_gpu,252,1,1,0,0,0,0,1,9120000
nn_kernel_gpu_mem,17729,1,1,72960000,36480000,36480000,72960000,1,9120000
nn_kernel_cpu,67672,0,1,0,0,0,0,1,9120000
nn_kernel_gpu,252,1,1,0,0,0,0,1,9120000
nn_kernel_gpu_mem,17729,1,1,72960000,36480000,36480000,72960000,1,9120000
nn_kernel_cpu,67748,0,1,0,0,0,0,1,9130000
nn_kernel_gpu,270,1,1,0,0,0,0,1,9130000
nn_kernel_gpu_mem,17792,1,1,73040000,36520000,36520000,73040000,1,9130000
nn_kernel_cpu,68607,0,1,0,0,0,0,1,9140000
nn_kernel_gpu,257,1,1,0,0,0,0,1,9140000
nn_kernel_gpu_mem,17683,1,1,73120000,36560000,36560000,73120000,1,9140000
nn_kernel_cpu,68607,0,1,0,0,0,0,1,9140000
nn_kernel_gpu,257,1,1,0,0,0,0,1,9140000
nn_kernel_gpu_mem,17683,1,1,73120000,36560000,36560000,73120000,1,9140000
nn_kernel_cpu,67740,0,1,0,0,0,0,1,9150000
nn_kernel_gpu,270,1,1,0,0,0,0,1,9150000
nn_kernel_gpu_mem,17805,1,1,73200000,36600000,36600000,73200000,1,9150000
nn_kernel_cpu,67143,0,1,0,0,0,0,1,9160000
nn_kernel_gpu,269,1,1,0,0,0,0,1,9160000
nn_kernel_gpu_mem,17932,1,1,73280000,36640000,36640000,73280000,1,9160000
nn_kernel_cpu,67143,0,1,0,0,0,0,1,9160000
nn_kernel_gpu,269,1,1,0,0,0,0,1,9160000
nn_kernel_gpu_mem,17932,1,1,73280000,36640000,36640000,73280000,1,9160000
nn_kernel_cpu,67143,0,1,0,0,0,0,1,9160000
nn_kernel_gpu,269,1,1,0,0,0,0,1,9160000
nn_kernel_gpu_mem,17932,1,1,73280000,36640000,36640000,73280000,1,9160000
nn_kernel_cpu,67143,0,1,0,0,0,0,1,9160000
nn_kernel_gpu,269,1,1,0,0,0,0,1,9160000
nn_kernel_gpu_mem,17932,1,1,73280000,36640000,36640000,73280000,1,9160000
nn_kernel_cpu,67143,0,1,0,0,0,0,1,9160000
nn_kernel_gpu,269,1,1,0,0,0,0,1,9160000
nn_kernel_gpu_mem,17932,1,1,73280000,36640000,36640000,73280000,1,9160000
nn_kernel_cpu,67143,0,1,0,0,0,0,1,9160000
nn_kernel_gpu,269,1,1,0,0,0,0,1,9160000
nn_kernel_gpu_mem,17932,1,1,73280000,36640000,36640000,73280000,1,9160000
nn_kernel_cpu,68563,0,1,0,0,0,0,1,9170000
nn_kernel_gpu,254,1,1,0,0,0,0,1,9170000
nn_kernel_gpu_mem,17940,1,1,73360000,36680000,36680000,73360000,1,9170000
nn_kernel_cpu,67470,0,1,0,0,0,0,1,920000
nn_kernel_gpu,133,1,1,0,0,0,0,1,920000
nn_kernel_gpu_mem,2922,1,1,7360000,3680000,3680000,7360000,1,920000
nn_kernel_cpu,67470,0,1,0,0,0,0,1,920000
nn_kernel_gpu,133,1,1,0,0,0,0,1,920000
nn_kernel_gpu_mem,2922,1,1,7360000,3680000,3680000,7360000,1,920000
nn_kernel_cpu,38440,0,1,0,0,0,0,1,920000
nn_kernel_gpu,153,1,1,0,0,0,0,1,920000
nn_kernel_gpu_mem,3007,1,1,7360000,3680000,3680000,7360000,1,920000
nn_kernel_cpu,38440,0,1,0,0,0,0,1,920000
nn_kernel_gpu,153,1,1,0,0,0,0,1,920000
nn_kernel_gpu_mem,3007,1,1,7360000,3680000,3680000,7360000,1,920000
nn_kernel_cpu,38440,0,1,0,0,0,0,1,920000
nn_kernel_gpu,153,1,1,0,0,0,0,1,920000
nn_kernel_gpu_mem,3007,1,1,7360000,3680000,3680000,7360000,1,920000
nn_kernel_cpu,67556,0,1,0,0,0,0,1,9180000
nn_kernel_gpu,271,1,1,0,0,0,0,1,9180000
nn_kernel_gpu_mem,17950,1,1,73440000,36720000,36720000,73440000,1,9180000
nn_kernel_cpu,38440,0,1,0,0,0,0,1,920000
nn_kernel_gpu,153,1,1,0,0,0,0,1,920000
nn_kernel_gpu_mem,3007,1,1,7360000,3680000,3680000,7360000,1,920000
nn_kernel_cpu,67600,0,1,0,0,0,0,1,9190000
nn_kernel_gpu,256,1,1,0,0,0,0,1,9190000
nn_kernel_gpu_mem,17852,1,1,73520000,36760000,36760000,73520000,1,9190000
nn_kernel_cpu,67600,0,1,0,0,0,0,1,9190000
nn_kernel_gpu,256,1,1,0,0,0,0,1,9190000
nn_kernel_gpu_mem,17852,1,1,73520000,36760000,36760000,73520000,1,9190000
nn_kernel_cpu,67907,0,1,0,0,0,0,1,9200000
nn_kernel_gpu,271,1,1,0,0,0,0,1,9200000
nn_kernel_gpu_mem,17926,1,1,73600000,36800000,36800000,73600000,1,9200000
nn_kernel_cpu,67602,0,1,0,0,0,0,1,9210000
nn_kernel_gpu,254,1,1,0,0,0,0,1,9210000
nn_kernel_gpu_mem,18135,1,1,73680000,36840000,36840000,73680000,1,9210000
nn_kernel_cpu,68082,0,1,0,0,0,0,1,9220000
nn_kernel_gpu,274,1,1,0,0,0,0,1,9220000
nn_kernel_gpu_mem,18099,1,1,73760000,36880000,36880000,73760000,1,9220000
nn_kernel_cpu,68082,0,1,0,0,0,0,1,9220000
nn_kernel_gpu,274,1,1,0,0,0,0,1,9220000
nn_kernel_gpu_mem,18099,1,1,73760000,36880000,36880000,73760000,1,9220000
nn_kernel_cpu,68082,0,1,0,0,0,0,1,9220000
nn_kernel_gpu,274,1,1,0,0,0,0,1,9220000
nn_kernel_gpu_mem,18099,1,1,73760000,36880000,36880000,73760000,1,9220000
nn_kernel_cpu,68082,0,1,0,0,0,0,1,9220000
nn_kernel_gpu,274,1,1,0,0,0,0,1,9220000
nn_kernel_gpu_mem,18099,1,1,73760000,36880000,36880000,73760000,1,9220000
nn_kernel_cpu,68082,0,1,0,0,0,0,1,9220000
nn_kernel_gpu,274,1,1,0,0,0,0,1,9220000
nn_kernel_gpu_mem,18099,1,1,73760000,36880000,36880000,73760000,1,9220000
nn_kernel_cpu,67645,0,1,0,0,0,0,1,9230000
nn_kernel_gpu,288,1,1,0,0,0,0,1,9230000
nn_kernel_gpu_mem,18072,1,1,73840000,36920000,36920000,73840000,1,9230000
nn_kernel_cpu,67645,0,1,0,0,0,0,1,9230000
nn_kernel_gpu,288,1,1,0,0,0,0,1,9230000
nn_kernel_gpu_mem,18072,1,1,73840000,36920000,36920000,73840000,1,9230000
nn_kernel_cpu,67485,0,1,0,0,0,0,1,9240000
nn_kernel_gpu,275,1,1,0,0,0,0,1,9240000
nn_kernel_gpu_mem,17933,1,1,73920000,36960000,36960000,73920000,1,9240000
nn_kernel_cpu,68584,0,1,0,0,0,0,1,9250000
nn_kernel_gpu,258,1,1,0,0,0,0,1,9250000
nn_kernel_gpu_mem,18146,1,1,74000000,37000000,37000000,74000000,1,9250000
nn_kernel_cpu,67270,0,1,0,0,0,0,1,930000
nn_kernel_gpu,126,1,1,0,0,0,0,1,930000
nn_kernel_gpu_mem,3150,1,1,7440000,3720000,3720000,7440000,1,930000
nn_kernel_cpu,67592,0,1,0,0,0,0,1,9260000
nn_kernel_gpu,271,1,1,0,0,0,0,1,9260000
nn_kernel_gpu_mem,18063,1,1,74080000,37040000,37040000,74080000,1,9260000
nn_kernel_cpu,68087,0,1,0,0,0,0,1,9270000
nn_kernel_gpu,255,1,1,0,0,0,0,1,9270000
nn_kernel_gpu_mem,18249,1,1,74160000,37080000,37080000,74160000,1,9270000
nn_kernel_cpu,67831,0,1,0,0,0,0,1,9280000
nn_kernel_gpu,271,1,1,0,0,0,0,1,9280000
nn_kernel_gpu_mem,18077,1,1,74240000,37120000,37120000,74240000,1,9280000
nn_kernel_cpu,67831,0,1,0,0,0,0,1,9280000
nn_kernel_gpu,271,1,1,0,0,0,0,1,9280000
nn_kernel_gpu_mem,18077,1,1,74240000,37120000,37120000,74240000,1,9280000
nn_kernel_cpu,67831,0,1,0,0,0,0,1,9280000
nn_kernel_gpu,271,1,1,0,0,0,0,1,9280000
nn_kernel_gpu_mem,18077,1,1,74240000,37120000,37120000,74240000,1,9280000
nn_kernel_cpu,67831,0,1,0,0,0,0,1,9280000
nn_kernel_gpu,271,1,1,0,0,0,0,1,9280000
nn_kernel_gpu_mem,18077,1,1,74240000,37120000,37120000,74240000,1,9280000
nn_kernel_cpu,67831,0,1,0,0,0,0,1,9280000
nn_kernel_gpu,271,1,1,0,0,0,0,1,9280000
nn_kernel_gpu_mem,18077,1,1,74240000,37120000,37120000,74240000,1,9280000
nn_kernel_cpu,67831,0,1,0,0,0,0,1,9280000
nn_kernel_gpu,271,1,1,0,0,0,0,1,9280000
nn_kernel_gpu_mem,18077,1,1,74240000,37120000,37120000,74240000,1,9280000
nn_kernel_cpu,68685,0,1,0,0,0,0,1,9290000
nn_kernel_gpu,292,1,1,0,0,0,0,1,9290000
nn_kernel_gpu_mem,18234,1,1,74320000,37160000,37160000,74320000,1,9290000
nn_kernel_cpu,67886,0,1,0,0,0,0,1,9300000
nn_kernel_gpu,277,1,1,0,0,0,0,1,9300000
nn_kernel_gpu_mem,51383,1,1,74400000,37200000,37200000,74400000,1,9300000
nn_kernel_cpu,67718,0,1,0,0,0,0,1,9310000
nn_kernel_gpu,258,1,1,0,0,0,0,1,9310000
nn_kernel_gpu_mem,18049,1,1,74480000,37240000,37240000,74480000,1,9310000
nn_kernel_cpu,41354,0,1,0,0,0,0,1,9320000
nn_kernel_gpu,273,1,1,0,0,0,0,1,9320000
nn_kernel_gpu_mem,18366,1,1,74560000,37280000,37280000,74560000,1,9320000
nn_kernel_cpu,67854,0,1,0,0,0,0,1,9330000
nn_kernel_gpu,253,1,1,0,0,0,0,1,9330000
nn_kernel_gpu_mem,18271,1,1,74640000,37320000,37320000,74640000,1,9330000
nn_kernel_cpu,68399,0,1,0,0,0,0,1,9340000
nn_kernel_gpu,277,1,1,0,0,0,0,1,9340000
nn_kernel_gpu_mem,18327,1,1,74720000,37360000,37360000,74720000,1,9340000
nn_kernel_cpu,68399,0,1,0,0,0,0,1,9340000
nn_kernel_gpu,277,1,1,0,0,0,0,1,9340000
nn_kernel_gpu_mem,18327,1,1,74720000,37360000,37360000,74720000,1,9340000
nn_kernel_cpu,68399,0,1,0,0,0,0,1,9340000
nn_kernel_gpu,277,1,1,0,0,0,0,1,9340000
nn_kernel_gpu_mem,18327,1,1,74720000,37360000,37360000,74720000,1,9340000
nn_kernel_cpu,68399,0,1,0,0,0,0,1,9340000
nn_kernel_gpu,277,1,1,0,0,0,0,1,9340000
nn_kernel_gpu_mem,18327,1,1,74720000,37360000,37360000,74720000,1,9340000
nn_kernel_cpu,68399,0,1,0,0,0,0,1,9340000
nn_kernel_gpu,277,1,1,0,0,0,0,1,9340000
nn_kernel_gpu_mem,18327,1,1,74720000,37360000,37360000,74720000,1,9340000
nn_kernel_cpu,68399,0,1,0,0,0,0,1,9340000
nn_kernel_gpu,277,1,1,0,0,0,0,1,9340000
nn_kernel_gpu_mem,18327,1,1,74720000,37360000,37360000,74720000,1,9340000
nn_kernel_cpu,67754,0,1,0,0,0,0,1,9350000
nn_kernel_gpu,292,1,1,0,0,0,0,1,9350000
nn_kernel_gpu_mem,18306,1,1,74800000,37400000,37400000,74800000,1,9350000
nn_kernel_cpu,68091,0,1,0,0,0,0,1,9360000
nn_kernel_gpu,278,1,1,0,0,0,0,1,9360000
nn_kernel_gpu_mem,18221,1,1,74880000,37440000,37440000,74880000,1,9360000
nn_kernel_cpu,66475,0,1,0,0,0,0,1,940000
nn_kernel_gpu,152,1,1,0,0,0,0,1,940000
nn_kernel_gpu_mem,2925,1,1,7520000,3760000,3760000,7520000,1,940000
nn_kernel_cpu,67649,0,1,0,0,0,0,1,9370000
nn_kernel_gpu,257,1,1,0,0,0,0,1,9370000
nn_kernel_gpu_mem,18284,1,1,74960000,37480000,37480000,74960000,1,9370000
nn_kernel_cpu,68261,0,1,0,0,0,0,1,9380000
nn_kernel_gpu,270,1,1,0,0,0,0,1,9380000
nn_kernel_gpu_mem,18460,1,1,75040000,37520000,37520000,75040000,1,9380000
nn_kernel_cpu,67794,0,1,0,0,0,0,1,9390000
nn_kernel_gpu,255,1,1,0,0,0,0,1,9390000
nn_kernel_gpu_mem,18446,1,1,75120000,37560000,37560000,75120000,1,9390000
nn_kernel_cpu,67817,0,1,0,0,0,0,1,9400000
nn_kernel_gpu,277,1,1,0,0,0,0,1,9400000
nn_kernel_gpu_mem,18448,1,1,75200000,37600000,37600000,75200000,1,9400000
nn_kernel_cpu,67817,0,1,0,0,0,0,1,9400000
nn_kernel_gpu,277,1,1,0,0,0,0,1,9400000
nn_kernel_gpu_mem,18448,1,1,75200000,37600000,37600000,75200000,1,9400000
nn_kernel_cpu,67817,0,1,0,0,0,0,1,9400000
nn_kernel_gpu,277,1,1,0,0,0,0,1,9400000
nn_kernel_gpu_mem,18448,1,1,75200000,37600000,37600000,75200000,1,9400000
nn_kernel_cpu,67817,0,1,0,0,0,0,1,9400000
nn_kernel_gpu,277,1,1,0,0,0,0,1,9400000
nn_kernel_gpu_mem,18448,1,1,75200000,37600000,37600000,75200000,1,9400000
nn_kernel_cpu,67817,0,1,0,0,0,0,1,9400000
nn_kernel_gpu,277,1,1,0,0,0,0,1,9400000
nn_kernel_gpu_mem,18448,1,1,75200000,37600000,37600000,75200000,1,9400000
nn_kernel_cpu,67976,0,1,0,0,0,0,1,9410000
nn_kernel_gpu,279,1,1,0,0,0,0,1,9410000
nn_kernel_gpu_mem,18363,1,1,75280000,37640000,37640000,75280000,1,9410000
nn_kernel_cpu,67880,0,1,0,0,0,0,1,9420000
nn_kernel_gpu,295,1,1,0,0,0,0,1,9420000
nn_kernel_gpu_mem,18486,1,1,75360000,37680000,37680000,75360000,1,9420000
nn_kernel_cpu,67976,0,1,0,0,0,0,1,9400000
nn_kernel_gpu,292,1,1,0,0,0,0,1,9400000
nn_kernel_gpu_mem,50586,1,1,75200000,37600000,37600000,75200000,1,9400000
nn_kernel_cpu,67465,0,1,0,0,0,0,1,9440000
nn_kernel_gpu,275,1,1,0,0,0,0,1,9440000
nn_kernel_gpu_mem,18669,1,1,75520000,37760000,37760000,75520000,1,9440000
nn_kernel_cpu,67474,0,1,0,0,0,0,1,9430000
nn_kernel_gpu,261,1,1,0,0,0,0,1,9430000
nn_kernel_gpu_mem,20510,1,1,75440000,37720000,37720000,75440000,1,9430000
nn_kernel_cpu,68297,0,1,0,0,0,0,1,9450000
nn_kernel_gpu,257,1,1,0,0,0,0,1,9450000
nn_kernel_gpu_mem,18708,1,1,75600000,37800000,37800000,75600000,1,9450000
nn_kernel_cpu,67351,0,1,0,0,0,0,1,950000
nn_kernel_gpu,128,1,1,0,0,0,0,1,950000
nn_kernel_gpu_mem,2936,1,1,7600000,3800000,3800000,7600000,1,950000
nn_kernel_cpu,68141,0,1,0,0,0,0,1,9460000
nn_kernel_gpu,273,1,1,0,0,0,0,1,9460000
nn_kernel_gpu_mem,18750,1,1,75680000,37840000,37840000,75680000,1,9460000
nn_kernel_cpu,67802,0,1,0,0,0,0,1,9460000
nn_kernel_gpu,274,1,1,0,0,0,0,1,9460000
nn_kernel_gpu_mem,18699,1,1,75680000,37840000,37840000,75680000,1,9460000
nn_kernel_cpu,67802,0,1,0,0,0,0,1,9460000
nn_kernel_gpu,274,1,1,0,0,0,0,1,9460000
nn_kernel_gpu_mem,18699,1,1,75680000,37840000,37840000,75680000,1,9460000
nn_kernel_cpu,67802,0,1,0,0,0,0,1,9460000
nn_kernel_gpu,274,1,1,0,0,0,0,1,9460000
nn_kernel_gpu_mem,18699,1,1,75680000,37840000,37840000,75680000,1,9460000
nn_kernel_cpu,67802,0,1,0,0,0,0,1,9460000
nn_kernel_gpu,274,1,1,0,0,0,0,1,9460000
nn_kernel_gpu_mem,18699,1,1,75680000,37840000,37840000,75680000,1,9460000
nn_kernel_cpu,67485,0,1,0,0,0,0,1,9470000
nn_kernel_gpu,276,1,1,0,0,0,0,1,9470000
nn_kernel_gpu_mem,18660,1,1,75760000,37880000,37880000,75760000,1,9470000
nn_kernel_cpu,67860,0,1,0,0,0,0,1,9480000
nn_kernel_gpu,292,1,1,0,0,0,0,1,9480000
nn_kernel_gpu_mem,18788,1,1,75840000,37920000,37920000,75840000,1,9480000
nn_kernel_cpu,67794,0,1,0,0,0,0,1,9490000
nn_kernel_gpu,349,1,1,0,0,0,0,1,9490000
nn_kernel_gpu_mem,18696,1,1,75920000,37960000,37960000,75920000,1,9490000
nn_kernel_cpu,68034,0,1,0,0,0,0,1,9500000
nn_kernel_gpu,275,1,1,0,0,0,0,1,9500000
nn_kernel_gpu_mem,18745,1,1,76000000,38000000,38000000,76000000,1,9500000
nn_kernel_cpu,68179,0,1,0,0,0,0,1,9510000
nn_kernel_gpu,256,1,1,0,0,0,0,1,9510000
nn_kernel_gpu_mem,18855,1,1,76080000,38040000,38040000,76080000,1,9510000
nn_kernel_cpu,67766,0,1,0,0,0,0,1,9520000
nn_kernel_gpu,261,1,1,0,0,0,0,1,9520000
nn_kernel_gpu_mem,18764,1,1,76160000,38080000,38080000,76160000,1,9520000
nn_kernel_cpu,67510,0,1,0,0,0,0,1,9530000
nn_kernel_gpu,338,1,1,0,0,0,0,1,9530000
nn_kernel_gpu_mem,18872,1,1,76240000,38120000,38120000,76240000,1,9530000
nn_kernel_cpu,67510,0,1,0,0,0,0,1,9530000
nn_kernel_gpu,338,1,1,0,0,0,0,1,9530000
nn_kernel_gpu_mem,18872,1,1,76240000,38120000,38120000,76240000,1,9530000
nn_kernel_cpu,67510,0,1,0,0,0,0,1,9530000
nn_kernel_gpu,338,1,1,0,0,0,0,1,9530000
nn_kernel_gpu_mem,18872,1,1,76240000,38120000,38120000,76240000,1,9530000
nn_kernel_cpu,67510,0,1,0,0,0,0,1,9530000
nn_kernel_gpu,338,1,1,0,0,0,0,1,9530000
nn_kernel_gpu_mem,18872,1,1,76240000,38120000,38120000,76240000,1,9530000
nn_kernel_cpu,69013,0,1,0,0,0,0,1,9540000
nn_kernel_gpu,268,1,1,0,0,0,0,1,9540000
nn_kernel_gpu_mem,18946,1,1,76320000,38160000,38160000,76320000,1,9540000
nn_kernel_cpu,68146,0,1,0,0,0,0,1,9550000
nn_kernel_gpu,439,1,1,0,0,0,0,1,9550000
nn_kernel_gpu_mem,18889,1,1,76400000,38200000,38200000,76400000,1,9550000
nn_kernel_cpu,68094,0,1,0,0,0,0,1,960000
nn_kernel_gpu,135,1,1,0,0,0,0,1,960000
nn_kernel_gpu_mem,2949,1,1,7680000,3840000,3840000,7680000,1,960000
nn_kernel_cpu,68094,0,1,0,0,0,0,1,960000
nn_kernel_gpu,135,1,1,0,0,0,0,1,960000
nn_kernel_gpu_mem,2949,1,1,7680000,3840000,3840000,7680000,1,960000
nn_kernel_cpu,67459,0,1,0,0,0,0,1,9560000
nn_kernel_gpu,298,1,1,0,0,0,0,1,9560000
nn_kernel_gpu_mem,18939,1,1,76480000,38240000,38240000,76480000,1,9560000
nn_kernel_cpu,68094,0,1,0,0,0,0,1,960000
nn_kernel_gpu,135,1,1,0,0,0,0,1,960000
nn_kernel_gpu_mem,2949,1,1,7680000,3840000,3840000,7680000,1,960000
nn_kernel_cpu,68094,0,1,0,0,0,0,1,960000
nn_kernel_gpu,135,1,1,0,0,0,0,1,960000
nn_kernel_gpu_mem,2949,1,1,7680000,3840000,3840000,7680000,1,960000
nn_kernel_cpu,68164,0,1,0,0,0,0,1,9570000
nn_kernel_gpu,291,1,1,0,0,0,0,1,9570000
nn_kernel_gpu_mem,18856,1,1,76560000,38280000,38280000,76560000,1,9570000
nn_kernel_cpu,67963,0,1,0,0,0,0,1,9580000
nn_kernel_gpu,281,1,1,0,0,0,0,1,9580000
nn_kernel_gpu_mem,18996,1,1,76640000,38320000,38320000,76640000,1,9580000
nn_kernel_cpu,67752,0,1,0,0,0,0,1,9590000
nn_kernel_gpu,257,1,1,0,0,0,0,1,9590000
nn_kernel_gpu_mem,19062,1,1,76720000,38360000,38360000,76720000,1,9590000
nn_kernel_cpu,67736,0,1,0,0,0,0,1,9600000
nn_kernel_gpu,263,1,1,0,0,0,0,1,9600000
nn_kernel_gpu_mem,18876,1,1,76800000,38400000,38400000,76800000,1,9600000
nn_kernel_cpu,67622,0,1,0,0,0,0,1,9610000
nn_kernel_gpu,279,1,1,0,0,0,0,1,9610000
nn_kernel_gpu_mem,19070,1,1,76880000,38440000,38440000,76880000,1,9610000
nn_kernel_cpu,67908,0,1,0,0,0,0,1,9620000
nn_kernel_gpu,276,1,1,0,0,0,0,1,9620000
nn_kernel_gpu_mem,18855,1,1,76960000,38480000,38480000,76960000,1,9620000
nn_kernel_cpu,67357,0,1,0,0,0,0,1,9630000
nn_kernel_gpu,293,1,1,0,0,0,0,1,9630000
nn_kernel_gpu_mem,19120,1,1,77040000,38520000,38520000,77040000,1,9630000
nn_kernel_cpu,67357,0,1,0,0,0,0,1,9630000
nn_kernel_gpu,293,1,1,0,0,0,0,1,9630000
nn_kernel_gpu_mem,19120,1,1,77040000,38520000,38520000,77040000,1,9630000
nn_kernel_cpu,67357,0,1,0,0,0,0,1,9630000
nn_kernel_gpu,293,1,1,0,0,0,0,1,9630000
nn_kernel_gpu_mem,19120,1,1,77040000,38520000,38520000,77040000,1,9630000
nn_kernel_cpu,67924,0,1,0,0,0,0,1,9640000
nn_kernel_gpu,279,1,1,0,0,0,0,1,9640000
nn_kernel_gpu_mem,19129,1,1,77120000,38560000,38560000,77120000,1,9640000
nn_kernel_cpu,67357,0,1,0,0,0,0,1,9630000
nn_kernel_gpu,293,1,1,0,0,0,0,1,9630000
nn_kernel_gpu_mem,19120,1,1,77040000,38520000,38520000,77040000,1,9630000
nn_kernel_cpu,68109,0,1,0,0,0,0,1,9650000
nn_kernel_gpu,297,1,1,0,0,0,0,1,9650000
nn_kernel_gpu_mem,18996,1,1,77200000,38600000,38600000,77200000,1,9650000
nn_kernel_cpu,66114,0,1,0,0,0,0,1,970000
nn_kernel_gpu,135,1,1,0,0,0,0,1,970000
nn_kernel_gpu_mem,3078,1,1,7760000,3880000,3880000,7760000,1,970000
nn_kernel_cpu,66114,0,1,0,0,0,0,1,970000
nn_kernel_gpu,135,1,1,0,0,0,0,1,970000
nn_kernel_gpu_mem,3078,1,1,7760000,3880000,3880000,7760000,1,970000
nn_kernel_cpu,67364,0,1,0,0,0,0,1,970000
nn_kernel_gpu,137,1,1,0,0,0,0,1,970000
nn_kernel_gpu_mem,2976,1,1,7760000,3880000,3880000,7760000,1,970000
nn_kernel_cpu,68027,0,1,0,0,0,0,1,9660000
nn_kernel_gpu,279,1,1,0,0,0,0,1,9660000
nn_kernel_gpu_mem,19102,1,1,77280000,38640000,38640000,77280000,1,9660000
nn_kernel_cpu,67873,0,1,0,0,0,0,1,9670000
nn_kernel_gpu,260,1,1,0,0,0,0,1,9670000
nn_kernel_gpu_mem,19214,1,1,77360000,38680000,38680000,77360000,1,9670000
nn_kernel_cpu,68094,0,1,0,0,0,0,1,9680000
nn_kernel_gpu,261,1,1,0,0,0,0,1,9680000
nn_kernel_gpu_mem,19051,1,1,77440000,38720000,38720000,77440000,1,9680000
nn_kernel_cpu,75906,0,1,0,0,0,0,1,9690000
nn_kernel_gpu,278,1,1,0,0,0,0,1,9690000
nn_kernel_gpu_mem,19287,1,1,77520000,38760000,38760000,77520000,1,9690000
nn_kernel_cpu,68005,0,1,0,0,0,0,1,9700000
nn_kernel_gpu,280,1,1,0,0,0,0,1,9700000
nn_kernel_gpu_mem,19208,1,1,77600000,38800000,38800000,77600000,1,9700000
nn_kernel_cpu,68620,0,1,0,0,0,0,1,9710000
nn_kernel_gpu,280,1,1,0,0,0,0,1,9710000
nn_kernel_gpu_mem,19290,1,1,77680000,38840000,38840000,77680000,1,9710000
nn_kernel_cpu,68620,0,1,0,0,0,0,1,9710000
nn_kernel_gpu,280,1,1,0,0,0,0,1,9710000
nn_kernel_gpu_mem,19290,1,1,77680000,38840000,38840000,77680000,1,9710000
nn_kernel_cpu,68194,0,1,0,0,0,0,1,9720000
nn_kernel_gpu,295,1,1,0,0,0,0,1,9720000
nn_kernel_gpu_mem,19307,1,1,77760000,38880000,38880000,77760000,1,9720000
nn_kernel_cpu,66502,0,1,0,0,0,0,1,9730000
nn_kernel_gpu,284,1,1,0,0,0,0,1,9730000
nn_kernel_gpu_mem,19400,1,1,77840000,38920000,38920000,77840000,1,9730000
nn_kernel_cpu,66502,0,1,0,0,0,0,1,9730000
nn_kernel_gpu,284,1,1,0,0,0,0,1,9730000
nn_kernel_gpu_mem,19400,1,1,77840000,38920000,38920000,77840000,1,9730000
nn_kernel_cpu,67520,0,1,0,0,0,0,1,9740000
nn_kernel_gpu,280,1,1,0,0,0,0,1,9740000
nn_kernel_gpu_mem,19370,1,1,77920000,38960000,38960000,77920000,1,9740000
nn_kernel_cpu,67707,0,1,0,0,0,0,1,9750000
nn_kernel_gpu,278,1,1,0,0,0,0,1,9750000
nn_kernel_gpu_mem,19306,1,1,78000000,39000000,39000000,78000000,1,9750000
nn_kernel_cpu,67348,0,1,0,0,0,0,1,980000
nn_kernel_gpu,140,1,1,0,0,0,0,1,980000
nn_kernel_gpu_mem,2968,1,1,7840000,3920000,3920000,7840000,1,980000
nn_kernel_cpu,67348,0,1,0,0,0,0,1,980000
nn_kernel_gpu,140,1,1,0,0,0,0,1,980000
nn_kernel_gpu_mem,2968,1,1,7840000,3920000,3920000,7840000,1,980000
nn_kernel_cpu,68425,0,1,0,0,0,0,1,9760000
nn_kernel_gpu,267,1,1,0,0,0,0,1,9760000
nn_kernel_gpu_mem,19413,1,1,78080000,39040000,39040000,78080000,1,9760000
nn_kernel_cpu,67771,0,1,0,0,0,0,1,9770000
nn_kernel_gpu,271,1,1,0,0,0,0,1,9770000
nn_kernel_gpu_mem,19254,1,1,78160000,39080000,39080000,78160000,1,9770000
nn_kernel_cpu,68058,0,1,0,0,0,0,1,9780000
nn_kernel_gpu,281,1,1,0,0,0,0,1,9780000
nn_kernel_gpu_mem,18984,1,1,78240000,39120000,39120000,78240000,1,9780000
nn_kernel_cpu,68058,0,1,0,0,0,0,1,9780000
nn_kernel_gpu,281,1,1,0,0,0,0,1,9780000
nn_kernel_gpu_mem,18984,1,1,78240000,39120000,39120000,78240000,1,9780000
nn_kernel_cpu,68137,0,1,0,0,0,0,1,9790000
nn_kernel_gpu,299,1,1,0,0,0,0,1,9790000
nn_kernel_gpu_mem,19598,1,1,78320000,39160000,39160000,78320000,1,9790000
nn_kernel_cpu,68137,0,1,0,0,0,0,1,9790000
nn_kernel_gpu,299,1,1,0,0,0,0,1,9790000
nn_kernel_gpu_mem,19598,1,1,78320000,39160000,39160000,78320000,1,9790000
nn_kernel_cpu,67451,0,1,0,0,0,0,1,9800000
nn_kernel_gpu,295,1,1,0,0,0,0,1,9800000
nn_kernel_gpu_mem,19425,1,1,78400000,39200000,39200000,78400000,1,9800000
nn_kernel_cpu,67046,0,1,0,0,0,0,1,9810000
nn_kernel_gpu,279,1,1,0,0,0,0,1,9810000
nn_kernel_gpu_mem,19608,1,1,78480000,39240000,39240000,78480000,1,9810000
nn_kernel_cpu,68334,0,1,0,0,0,0,1,9820000
nn_kernel_gpu,284,1,1,0,0,0,0,1,9820000
nn_kernel_gpu_mem,19749,1,1,78560000,39280000,39280000,78560000,1,9820000
nn_kernel_cpu,68334,0,1,0,0,0,0,1,9820000
nn_kernel_gpu,284,1,1,0,0,0,0,1,9820000
nn_kernel_gpu_mem,19749,1,1,78560000,39280000,39280000,78560000,1,9820000
nn_kernel_cpu,68334,0,1,0,0,0,0,1,9820000
nn_kernel_gpu,284,1,1,0,0,0,0,1,9820000
nn_kernel_gpu_mem,19749,1,1,78560000,39280000,39280000,78560000,1,9820000
nn_kernel_cpu,67820,0,1,0,0,0,0,1,9830000
nn_kernel_gpu,265,1,1,0,0,0,0,1,9830000
nn_kernel_gpu_mem,19653,1,1,78640000,39320000,39320000,78640000,1,9830000
nn_kernel_cpu,68167,0,1,0,0,0,0,1,9840000
nn_kernel_gpu,267,1,1,0,0,0,0,1,9840000
nn_kernel_gpu_mem,19064,1,1,78720000,39360000,39360000,78720000,1,9840000
nn_kernel_cpu,67971,0,1,0,0,0,0,1,9850000
nn_kernel_gpu,323,1,1,0,0,0,0,1,9850000
nn_kernel_gpu_mem,19626,1,1,78800000,39400000,39400000,78800000,1,9850000
nn_kernel_cpu,66917,0,1,0,0,0,0,1,990000
nn_kernel_gpu,126,1,1,0,0,0,0,1,990000
nn_kernel_gpu_mem,2974,1,1,7920000,3960000,3960000,7920000,1,990000
nn_kernel_cpu,67891,0,1,0,0,0,0,1,9860000
nn_kernel_gpu,297,1,1,0,0,0,0,1,9860000
nn_kernel_gpu_mem,19716,1,1,78880000,39440000,39440000,78880000,1,9860000
nn_kernel_cpu,67891,0,1,0,0,0,0,1,9860000
nn_kernel_gpu,297,1,1,0,0,0,0,1,9860000
nn_kernel_gpu_mem,19716,1,1,78880000,39440000,39440000,78880000,1,9860000
nn_kernel_cpu,67790,0,1,0,0,0,0,1,9870000
nn_kernel_gpu,293,1,1,0,0,0,0,1,9870000
nn_kernel_gpu_mem,19576,1,1,78960000,39480000,39480000,78960000,1,9870000
nn_kernel_cpu,67789,0,1,0,0,0,0,1,9850000
nn_kernel_gpu,284,1,1,0,0,0,0,1,9850000
nn_kernel_gpu_mem,21778,1,1,78800000,39400000,39400000,78800000,1,9850000
nn_kernel_cpu,68093,0,1,0,0,0,0,1,9880000
nn_kernel_gpu,296,1,1,0,0,0,0,1,9880000
nn_kernel_gpu_mem,20156,1,1,79040000,39520000,39520000,79040000,1,9880000
nn_kernel_cpu,67695,0,1,0,0,0,0,1,9890000
nn_kernel_gpu,281,1,1,0,0,0,0,1,9890000
nn_kernel_gpu_mem,19883,1,1,79120000,39560000,39560000,79120000,1,9890000
nn_kernel_cpu,67695,0,1,0,0,0,0,1,9890000
nn_kernel_gpu,281,1,1,0,0,0,0,1,9890000
nn_kernel_gpu_mem,19883,1,1,79120000,39560000,39560000,79120000,1,9890000
nn_kernel_cpu,67695,0,1,0,0,0,0,1,9890000
nn_kernel_gpu,281,1,1,0,0,0,0,1,9890000
nn_kernel_gpu_mem,19883,1,1,79120000,39560000,39560000,79120000,1,9890000
nn_kernel_cpu,68106,0,1,0,0,0,0,1,9900000
nn_kernel_gpu,267,1,1,0,0,0,0,1,9900000
nn_kernel_gpu_mem,19726,1,1,79200000,39600000,39600000,79200000,1,9900000
nn_kernel_cpu,73494,0,1,0,0,0,0,1,9910000
nn_kernel_gpu,283,1,1,0,0,0,0,1,9910000
nn_kernel_gpu_mem,19702,1,1,79280000,39640000,39640000,79280000,1,9910000
nn_kernel_cpu,76326,0,1,0,0,0,0,1,9920000
nn_kernel_gpu,268,1,1,0,0,0,0,1,9920000
nn_kernel_gpu_mem,19657,1,1,79360000,39680000,39680000,79360000,1,9920000
nn_kernel_cpu,67838,0,1,0,0,0,0,1,9930000
nn_kernel_gpu,300,1,1,0,0,0,0,1,9930000
nn_kernel_gpu_mem,19823,1,1,79440000,39720000,39720000,79440000,1,9930000
nn_kernel_cpu,67838,0,1,0,0,0,0,1,9930000
nn_kernel_gpu,300,1,1,0,0,0,0,1,9930000
nn_kernel_gpu_mem,19823,1,1,79440000,39720000,39720000,79440000,1,9930000
nn_kernel_cpu,68112,0,1,0,0,0,0,1,9940000
nn_kernel_gpu,299,1,1,0,0,0,0,1,9940000
nn_kernel_gpu_mem,19625,1,1,79520000,39760000,39760000,79520000,1,9940000
nn_kernel_cpu,75414,0,1,0,0,0,0,1,9950000
nn_kernel_gpu,284,1,1,0,0,0,0,1,9950000
nn_kernel_gpu_mem,19822,1,1,79600000,39800000,39800000,79600000,1,9950000
nn_kernel_cpu,67906,0,1,0,0,0,0,1,9960000
nn_kernel_gpu,287,1,1,0,0,0,0,1,9960000
nn_kernel_gpu_mem,20054,1,1,79680000,39840000,39840000,79680000,1,9960000
nn_kernel_cpu,67450,0,1,0,0,0,0,1,9970000
nn_kernel_gpu,284,1,1,0,0,0,0,1,9970000
nn_kernel_gpu_mem,19884,1,1,79760000,39880000,39880000,79760000,1,9970000
nn_kernel_cpu,67450,0,1,0,0,0,0,1,9970000
nn_kernel_gpu,284,1,1,0,0,0,0,1,9970000
nn_kernel_gpu_mem,19884,1,1,79760000,39880000,39880000,79760000,1,9970000
nn_kernel_cpu,71323,0,1,0,0,0,0,1,9980000
nn_kernel_gpu,265,1,1,0,0,0,0,1,9980000
nn_kernel_gpu_mem,20228,1,1,79840000,39920000,39920000,79840000,1,9980000
nn_kernel_cpu,68128,0,1,0,0,0,0,1,9970000
nn_kernel_gpu,286,1,1,0,0,0,0,1,9970000
nn_kernel_gpu_mem,21852,1,1,79760000,39880000,39880000,79760000,1,9970000
nn_kernel_cpu,67793,0,1,0,0,0,0,1,9990000
nn_kernel_gpu,284,1,1,0,0,0,0,1,9990000
nn_kernel_gpu_mem,20134,1,1,79920000,39960000,39960000,79920000,1,9990000
